người,xe,khi,data,đường,ngày,bạn,tai nạn,sau,vụ,tàu,nhà,năm,giao thông,xe máy,số,huyện,tỉnh,trước,Ý kiến,sự,de,tài xế,dân,thông tin,Sau,xã,bài,tuổi,tốc độ,tháng,quận,phía,đầu,Tin,hiện trường,xe tải,Báo,ô tô,đoạn,nước,nạn nhân,việc,Bộ,điện tử,phanh,trên,bên,Khi,Công an,controls,player,vid,info,location,nopre,false,postroll,true,midroll,máy bay,phương tiện,lúc,nội dung,cách,xe khách,nhau,khu vực,Thông tin,hàng,tay,en,lực lượng,cầu,trường hợp,chỗ,hướng,biển,máy,nơi,em,Điện thoại,thần kinh,phường,thanh niên,nguyên nhân,con,lần,khoảng,and,ôtô,cồn,Ảnh,Ngày,loại,the,sáng,đàn ông,tên,hành khách,phần,reserved,chiều,Quảng cáo,giờ,thuyền,phụ nữ,tiếng,Cơ quan,chức năng,tuyến,Số,khách,đất,thời gian,el,nạn,bé,ga,Công ty,điểm,chân,bạn đọc,điều,nhóm,thành phố,đường sắt,văn bản,núi,Bạn,khu,chủ,công an,lượt,Vụ,cảnh sát,tình trạng,bản quyền,máu,nam,lái xe,gia đình,cao tốc,đường ray,hiện,đối tượng,hành vi,Thời gian,Giấy phép,Tháng,đá,tin,Xe,of,se,vụ việc,vùng,bệnh viện,bộ,đường bộ,địa phương,toa,sản phẩm,hệ thống,thị trường,mục,tuần,sông,mạng,thời điểm,kỹ thuật,đơn vị,Công nghệ,dải,xương,trường,tải,đêm,nồng độ,vi,quốc lộ,quy định,mẹ,quán,điện thoại,rào chắn,Khoa học,vị trí,ngoài,mức,bệnh nhân,điện,gỗ,lái,báo,cửa,gái,sân bay,mặt,sự cố,Chủ đề,Tin tức,giá,khoang,ban đầu,clip,đèn đỏ,trách nhiệm,dầu,Hiện trường,cú,bác sĩ,bia,nhân viên,ruộng,Tài xế,đèo,cá nhân,tiền,giấy phép,vợ,Thời lượng,that,hình ảnh,tình huống,rượu,độ,địa chỉ,te,giường,phố,cơ quan,Đơn vị,vết thương,Hội,Giao thông,tài sản,Cảnh sát,del,dây,phân cách,ban,thứ,hàng đầu,quốc gia,cảnh,học sinh,vòng,ý kiến,địa bàn,Chủ tịch,chất lượng,chuyến,lốp,Hiện,khả năng,lòng,chuyện,tông,màu,tim,cây,pháp,doanh nghiệp,bê tông,tín hiệu,buổi,thiết bị,quê,hồ,vật liệu,dòng,Bệnh viện,Thứ,xã hội,dao,Điều,mã,truyền thông,khuỷu,Đường,Địa chỉ,khóa,hôm,chất,this,hiện nay,thôn,công tác,đèn,vấn đề,da,lỗi,thuốc,hành động,con trai,trung tâm,phòng,chồng,browser,biến dạng,dốc,hàng loạt,chèn ép,Số hiệu,quyền,ảnh,trận,bánh,Trước,vàng,câu,Phòng,thế giới,đảo,bão,cơ,chủ đề,Sự kiện,Khuyến học,Văn phòng,độ cao,thành viên,nhựa,va chạm,sự việc,cô gái,nguồn,Nhà,bệnh,công việc,trước khi,enable,upgrading,thi thể,sự kiện,lượng,cuộc,công ty,net,hộ,lề đường,Tổng đài,du khách,ngược chiều,cạnh,địa phận,quá trình,cơ sở,công trình,cơn,Lầu,hầm,phi công,thép,đội,es,is,not,nguy cơ,tối,dưới,nữ,Cục,văn,cầu vượt,quốc tế,xảy ra,los,vết,lớp,hóa,nền,Sáng,trời,lời,cơ thể,con nhỏ,trụ sở,chủ quản,đường cao tốc,Sở,Lực lượng,cha mẹ,gió,tốc,Ban,phân,thân,hôm nay,Bình luận,hộp,hãng,khối lượng,mắt,ngực,cán bộ,hiện tượng,vụ án,cha,un,Khoảng,ống,Nguyên nhân,ghế,hiệu quả,tàu hỏa,hành trình,cuối,hành chính,lực,lửa,Quốc lộ,tài khoản,phim,las,ngành,hồ sơ,phép,sẹo,dấu hiệu,Diện tích,Chính phủ,ngã tư,hành,cơ quan chức năng,băng,mũi,làn,Cô,Đội,ẩu,Quốc gia,dân cư,Dân trí,kết quả,Hàng,para,trẻ em,mặt đường,số hiệu,Phạt tiền,mol,does,biện pháp,con người,phương pháp,bờ,tác giả,lý do,đuôi,hình sự,áp lực,trái,khoảng cách,Mức,vật,Cuối,dấu,góp ý,Em,kính,tiêu chuẩn,nhãn,gầm,khí,Vụ việc,Cận cảnh,Chương trình,xe buýt,trưa,chuyên mục,vực,say rượu,dung dịch,bang,gốc,làng,cấp,hiện tại,Truyền thông,công nhân,điều kiện,cảm giác,Thứ sáu,giấc,quý,iframes,quãng,xe con,Xe khách,Xe tải,Tai nạn,hiệp sĩ,xe gắn máy,Huyện,kinh tế,kinh nghiệm,phổ thông,giải,quan điểm,Thứ tư,nhiệm vụ,bảng,giấy,động cơ,mẹ con,lãnh đạo,hậu quả,tin tức,cướp,Tầng,chó,quân sự,món,đưa ra,học xá,học bổng,dự bị,bản,khâu,một cách,quả,tội,biển báo,chai,cầu thang,vắc,chế phẩm,bimbi,xe ben,đồ,Bác sĩ,trai,ca,chấn thương,hư hỏng,cử tri,đô thị,diện tích,kỳ,Trung tâm,nghề,Truy cập,lầu,sân,Chủ nhật,yếu tố,bàn,đời,at,phút,thị trấn,iPhone,vách,tông đơ,ngón,thị xã,nhân chứng,bình luận,xe đạp,cua,thể tích,Thủ tướng,triệu chứng,Hình ảnh,dự án,thương hiệu,mưa,chợ,xung quanh,bộ phận,mạch,cánh,ngôn ngữ,Việc,Tiếng,Cổ phần,lưỡi,nét,bàn tay,đường băng,hội chứng,trang,y tế,sức,la,Nạn nhân,đàn bà,por,can,động,trẻ,Bản quyền,mẫu,con gái,Đa khoa,phổi,bồn,dư luận,hồi,sắt,sóng,kéo lê,cầu thủ,tổng,trạm,nội,on,Sự,quá khứ,tính,khoảnh khắc,quyết định,Lúc,bom,nhạc,hạn,vẻ,como,bao,người thân,pin,lao động,vợ chồng,góc,Sự việc,nông dân,ngày trước,Bệnh nhân,liên hoàn,vỉa hè,giữa,má phanh,rừng,miền,Nghị định,môi trường,Chiều,tài,quanh,cà phê,không phải,lý,thực tế,Máy bay,kiểu,hojas,are,it,tai,cắt tóc,người lớn,án,sân khấu,quan chức,bản thân,Đại học,bóng,khớp,Thứ bảy,hoá,trợ lực,tham nhũng,Lúc này,Bộ trưởng,dịch vụ,nút,tham,không gian,khách hàng,thể,tâm,cửa hàng,ngã ba,châu,tính chất,đoàn,sắc,lô,chữ,luật,thanh,verde,for,tính mạng,Thứ ba,lĩnh vực,sai lầm,trưởng,sức khỏe,phế liệu,bánh xe,cá,hàng không,Ô tô,cơm,cánh tay,Thành phố,Vị trí,Năm,chính quyền,nhân dân,chung cư,trệt,xe hơi,chắn,tự ngã,công nghệ,bạch,tinh thần,tinh,negro,tổ,Nguồn,hình,suất,tường,vỏ,trong khi,Tết,ngư dân,Tòa soạn,bi,thương vong,Thực phẩm,tay lái,cảng,lưới,Trung đoàn,phạm,khoa học,Bài,an ninh,Ngã ba,đề,chi tiết,Nhóm,Anh,đĩa,una,más,have,vé,cơ hội,đồng hồ,hiệu,khói,Trường hợp,nước mắt,Dân,thời tiết,thời trang,nữ sinh,lăng,ngón tay,phương án,khoản,trụ,câu chuyện,Hậu quả,Hội chứng,tĩnh mạch,vải,cho rằng,Hiện nay,Bí thư,giá trị,quần áo,tầng,tuyến đường,cổng,danh,vô ngã,vị,trạng thái,địa điểm,Mẹ,Danh sách,mg,agua,bố,Thứ năm,ray,nước ngoài,ngõ,gia,thùng,văng,trực thăng,Phóng sự,viện,Du lịch,Quốc tế,thần,tầm nhìn,gương mặt,thịt,dịp,con tàu,Giám đốc,mương,danh tính,áp suất,lanh,hộp số,ghe,ấp,ngày nay,chánh,bến,vành đai,ánh sáng,vn,by,chi phí,mối,khối,nhân,pháo,Quốc phòng,be,you,áo,đại học,bụi,hạng,Kích thước,kim loại,gạch,sàn,Bé,màn,danh mục,hòm thư,mặt đất,quan hệ,tổn thương,sườn,quang,binh sĩ,thơ,súng,Lái xe,hình thức,con đường,cabin,sức mạnh,bạn bè,tảng,đầu tàu,vạch,Thành viên,mô tô,suối,tr,đơn,tổ chức,Hiện tại,trong,nhu cầu,nghiệp vụ,cuộc sống,nhân vật,Cô gái,khe,đợt,kênh,vui lòng,khuôn mặt,cổ,tình,tóc,al,school,says,students,Màu sắc,chương trình,cộng đồng,mũ,hà nội,thương tâm,tòa,pháp luật,vườn,Khách sạn,dự tuyển,ứng phó,sàn diễn,trật tự,Lao động,chuyên gia,lũ,nửa,thẩm mỹ,nhà nước,chiến sĩ,bãi,thương mại,tình hình,lồi cầu,rễ,nông thôn,light,Nhân dân,ven,gian,Thị trường,vốn,sách,đồng,thân thể,phần mềm,công,Dịch vụ,mùa,bebida,sabor,preparación,or,has,with,who,but,was,hạt,xóm,cm,khung,bà,nắng,đại lộ,share,xác,hối lộ,Quốc hội,Y tế,mạch máu,đôi nam nữ,kể từ,ba ngày,hải sản,Chợ,cọ,sĩ,mức độ,xăng,Lao Động Điện tử,Tiếng nói,Liên đoàn,húc,ly,tác dụng,tranh,đầu máy,Lãnh đạo,quân đội,biên bản,cho biết,biểu hiện,miệng,thủ đô,Trưa,Tổng thống,dân sinh,thương tích,nỗi,còn lại,Thăm dò,chiến dịch,trung ương,đường tàu,thuyết,trước đây,lịch sử,giới,truy cập,Khu vực,Vui lòng,hạ tầng,Kinh nghiệm,Nơi,tâm lý,thời,vũ trụ,thọ,bậc,nghiệp,cùng với,hạnh phúc,Hôm nay,Kết quả,bài hát,nga,son,than,them,need,been,Nội dung,đại diện,đồ đạc,Tông đơ,Màu,dạng,đáy,Đơn giá,thuế,van,thiên hà,hố,cảnh báo,chức vụ,ma túy,quốc tịch,trộm,tàu chiến,đám cưới,bùn,tình dục,tang,Thông tư,sốc,hông,cổ tay,mặt cầu,Tàu,còi,bí mật,Góp ý,Không quân,sau đây,tầm,Thần kinh,phụ huynh,cơ cấu,Nồng độ,Cử tri,tên gọi,giai đoạn,Khu,cây xanh,nhà ở,đại biểu,cửa sổ,Trường,Giá,Hệ thống,giao lộ,căn cứ,của ông,tàu thuyền,duyên,vô thường,Cái gì,li,ma,bên trong,le,Thứ trưởng,bắc,Trung ương,không quân,ca sĩ,lễ,tình yêu,kế hoạch,también,sobre,from,make,schools,sinh viên,sông Đà,Đoạn,râu,mác,kết cấu,cột,bình,Tối,cừ,khó khăn,hình dạng,cấu trúc,lời khai,tam giác,dâm,Biên phòng,Á hậu,đồn thổi,Con gái,diễn viên,rác,câu hỏi,lề,lúc này,thai,mèo,nàng,đàn hồi,định kỳ,rào,cuộn,đại,phí,giải pháp,Luật,quầy,thắng lợi,trong mình,dòng máu,nát bét,đường tránh,Chuyên mục,giao diện,Thiếu tướng,cho hay,Đường sắt,cẳng chân,mỏm,dụng cụ,nguy hiểm,trẻ nhỏ,xe cơ giới,sơ bộ,rãnh,Hội nghị,rượu bia,bằng chứng,vượt quá,tên lửa,tư nhân,giáp,chính phủ,Nghị định số,trường học,tiêu chí,hẻm,camera,Tình trạng,vật lý,chủ thể,bên ngoài,cái gì,hội,sau này,thì có,bệnh hoạn,vị lai,uẩn,mục đích,sự thật,Câu hỏi,quan,Trước khi,di,giống như,ý nghĩa,tài liệu,dữ liệu,bom đạn,địch,đất nước,mục tiêu,danh sách,vai,thí sinh,thư,puede,entre,sur,tea,year,their,our,an,Phó Chủ tịch,Sản phẩm,Tổng công ty,Hà Nội Điện thoại,sạc,Trọng lượng,bạc,Phần,ví dụ,tổ mẫu,cọc,thợ,toc,đường phố,Xe máy,chí minh,Gia đình,Tối thiểu,Bắt quả tang,khoai tây,battamgiam,Nhật Bản chính thức,honda,Siêu sao,iphone,tauhaiquan,tập trận,Chiến tranh,sổ đỏ,chữ ký,hoàn cảnh,voi,muối,Chi tiết,lưng,ngủ gật,seo,báo chí,trực diện,sigma,người nhà,lối,đạo đức,Cầu,Nhà nước,cột điện,chiến thắng,Thời điểm,nhà xe,áo phao,đội tuyển,thứ hai,độc giả,bò,Thượng tá,đội hình,sau đó,nghiêng,cẩu,Tàu hỏa,gẫy,ban đêm,Trưởng phòng,ko,Truyền hình,Điểm,trật,xe cộ,đường ống,chân không,xy,drunk,âm thanh,điện áp,chìm xuồng,Công cụ,Trụ sở,Biển,dân tộc,thể thao,Trưởng,giáo viên,tủ,không khí,nội bộ,Phía,cập nhật,khía cạnh,cư dân,xứ,thói quen,hệ,chư,vai trò,Cơ sở,des,đầu mối,quả bom,tổng số,câu nói,Quân đội,ca khúc,khán giả,yêu cầu,com,ánh,tiene,su,solo,vous,we,there,more,like,Cộng đồng,Diễn đàn,Chính quyền,đồng đội,đối tác,hôm qua,nhôm,Ngõ,toàn quốc,Nhà máy,kỹ sư,Đầu,ngôi sao,đăng tải,chuẩn,Xã hội,bố mẹ,đảng,sequence,Sự thật,nề,nếu không,sỹ,túi,Nguyên tắc,Hành vi,người bệnh,ung thư,trọng lượng,Khoảng cách,chướng ngại vật,qua đường,tư thế,tình cảm,tiểu đường,động vật,Biến dạng,tòa soạn,chừng,đùi,Đường bộ,cổ động viên,nóc,ngày đêm,chị em,Đại diện,ngoài khơi,màn hình,sa mạc,khách sạn,người ở,phi hành đoàn,Sư đoàn,thiệt hại,gang tấc,trinh sát,chứng cứ,Bước đầu,tội phạm,tỷ lệ,nhẫn,Cảm giác,động tác,bên cạnh,Mưa lũ,lịch,bệnh nhi,thủy lực,quán tính,ý thức,copied,phat,miligam,tự chủ,xuồng,hoa,Không gian,hiển thị,Ngôn ngữ,Vùng,Quá trình,đồi,nguồn tin,Hội đồng,nhân khẩu,phần lớn,Thương mại,phiên,căn hộ,kiến thức,pi,đạo,cửa ngõ,cao su,hay không,tướng,tiến trình,kheo,chúng sinh,đặc tính,tâm thức,tương lai,lợi ích,re,anh em,ký ức,trải nghiệm,sin,planta,caliente,tanto,durante,hasta,per,est,les,plus,compulsory,one,cent,all,out,bảo hiểm,right,trượt băng,kỹ năng,truyền hình,khoảng trống,Chân,bột,bình chọn,Chất liệu,ion,cấp độ,năng lực,đúc sẵn,Công trình,md,uy tín,ý định,Có phải,đường hầm,kenh,Thượng úy,nhuận bút,Tài chính,trái cây,khuya,Hành động,tình tiết,nghệ sĩ,thủ phạm,viêm,trí tuệ,chung kết,bác,show,minh,xa lộ,phẫu thuật,mảnh vỡ,tuýp,dinh dưỡng,xi măng,tinh thể,tải trọng,nào đó,left,hôn nhân,giống,trục trặc,Trong lúc,biên giới,Trung tá,nhịp,qua cầu,Hàng không,hoạt động,hơi,Đối tượng,đỉnh,vô địch,thủy điện,pháo hoa,nhà máy,du lịch,chiến,chỗ ngồi,báo cáo,cỡ,cán,vận tốc,xe lửa,não,Triệu chứng,video,Sinh viên,động mạch,nhấn chìm,Nắng,đề tài,lũ quét,đốt pháo,em gái,cậu bé,cửa kính,Bên,đội bóng,vũ khí,bàn đạp,Má phanh,phượt,Tốc độ,thực phẩm,một chiều,bóng đá,dung môi,nhiệt độ,túc túc,cọc tiêu,Chữ,gãy cầu,barie,sai phạm,nội thành,dân số,thống kê,thế kỷ,vùng đất,xưa,so với,quê hương,cụm,công nghiệp,công viên,đồng chí,Tổ,móng,đường bay,ban công,biệt thự,tính năng,Địa điểm,không ngừng,chốn,tây,ý nghĩ,Tham khảo,tien,lúa,hữu,ý muốn,hoại,yếm,ngũ,thiền,bước,Ví dụ,hơi thở,ái,tri,hoạt,biểu thị,bổ,tục,tương,đại gia,giọng,thăng bằng,chiến tranh,chiến lược,cao điểm,bầu trời,Ca khúc,môi,fue,oxidación,infusión,Con,et,du,long,teacher,up,they,which,will,available,subject,when,teachers,take,trâu,Ghi nhận,Sân,cái,Khách,họ hàng,Cửa,kích thước,Nhãn hiệu,Tổng cục,Tiêu chuẩn,Vỏ,hợp kim,thép không gỉ,nguyên chất,chiều cao,dầm,phiếu,công trường,Chế độ,bụng,núi lửa,minh họa,việc làm,sĩ quan,giày,Hoàng tử,dàn,giảm đau,kem,Sau đó,tế bào,Tán thành,sưng,Điều khoản,bạo lực,mạo danh,gian lận,phiên bản,nông,dieu,va,nhieu,khúc cua,Cập nhật,con số,trước mặt,xế,gan,Nhiễm trùng,Ban đầu,rau,tiêu hóa,biến chứng,má,sợi,vượt qua,công suất,Bố,giới hạn,ho,tù,Lần,trở ngại,kè,bị cáo,công vụ,lan can,Toà,Nổi bật,xe ôm,Vận tải,cầu treo,tuyển,ngân hàng,mặt nước,có người,hỏa,bữa,tour,thảm họa,Quân chủng,trung tá,thiếu tá,Đại tá,lệnh,khẩn trương,thiên tai,cánh cửa,khối u,cẳng tay,Thuốc,tỉ lệ,Thiết bị,đè bẹp,thảm khốc,chính thống,TIN,quyết tâm,rước dâu,toàn cảnh,trùm,chuyên án,cấm kị,cẩm nang,hữu ích,đáp án,pháo nổ,cánh tay phải,quán ăn,Phó giám đốc,sáng sớm,piston,nhiên liệu,đăng kiểm,người yêu,phản ứng,trọng tài,phận,cụ,thủ,vệ tinh,cuộc họp,Dải phân cách,nhà hàng,diễn biến,chủ tịch,hung khí,driver,thầy,dấu vết,giám đốc,trọng tải,chuyên dùng,hoảng hồn,đạn đạo,ấn tượng,bè,thợ lặn,đặc công,Rào chắn,biến áp,sơ đồ,tia,điện lực,phản quang,đồng phục,đặc khu,phe,biểu tượng,Mục lục,Biến thể,Văn bản,điều khoản,web,Thời,mang tên,thể dục,cống,hội nghị,bất động sản,nội thất,phòng ngủ,yên tĩnh,chớp nhoáng,bếp,thang máy,khu phố,nhân tố,thế hệ,điển hình,chỉ có,thì là,thức,thành phần,tác,Mục đích,nhân duyên,giáo,giải thoát,trái đất,toà,dịch,tiên,môn,tam,giấy tờ,Có tình yêu,Môi trường,đạn,mm,đề xuất,giây,bên dưới,cuộc thi,định mệnh,otros,blanco,cafeína,forma,diferentes,grado,después,menos,que,uso,cookies,use,numbers,think,commitment,time,day,would,đất đá,khẩn cấp,khắp nơi,đưa tin,nhà cửa,phóng viên,Vật liệu,sự nghiệp,Hãng,tập đoàn,sứ,Dung lượng,bảo dưỡng,kép,dưới đây,dây điện,tiếng động,hàng xóm,phone,tỷ,chính sách,võ,chân tay,ghi nhận,verb,trứng,Tìm thấy,rạng sáng,tử thi,xuống nước,sư tử,chức,kỷ luật,quà,lồng ngực,Câu chuyện,để không,gót,váy,iframe,land,SỞ,chàng trai,kèm theo,trầy,sinh lý,Hôm,Bạn đọc,trước tiên,cấp tính,cục bộ,hiện có,xe tay,Mắt,cung,noi,Dưới đây,điểm mù,chiều dài,xe cứu hỏa,ma sát,thân hình,dị ứng,nội tiết,chất béo,hỗn hợp,chiều hướng,lệch,cơ chế,bọt,ngưỡng,từ ngữ,sao cho,tử thần,test,thành quả,đưa vào,ngân sách,máy móc,giọng nói,quảng cáo,đường kính,đa khoa,cờ,Nhân chứng,bẹp dúm,phân luồng,bốc cháy,hải quân,Trong khi,Thông điệp,lính,dân sự,tự chế,Nhân viên,Du khách,Hành trình,Phó chủ tịch,học viên,chiếc,hành lý,Phi công,đại tá,bị nạn,máy xúc,đi vào,sọ,đến cùng,người bị hại,tiền đạo,tắc nghẽn,hô hấp,nẹp,lạng lách,forum,hành lang,đi qua,chức trách,tôn,vật dụng,Giao Thông,thùng xe,lật nhào,tay trái,kim,Chàng trai,khoa,heo,chiều nay,Tổng biên tập,búa,cực hình,mặt hàng,Hiện tượng,lò,tiếng kêu,đường dẫn,đi đường,cơ giới,Đăng kiểm,đầu óc,đối thủ,Đường dẫn,px,hất,Xa lộ,Thiếu tá,trục,Say rượu,Vụ án,nỗ lực,bước đầu,mililít,máy kéo,Uỷ ban,ninja,ý tưởng,luật sư,lit,đồ chơi,tử vong,lục địa,bệ phóng,chuông,tàu hoả,phách,vợ con,du thuyền,Người nhái,trang thiết bị,cương vị,tụ điện,áo len,vấp,Chú thích,quỹ,Công viên,rạch,đến tháng,lỵ,khoá,mầm non,Thể loại,support,phong trào,Xã,Dự án,Liên kết,Chủ nhà,căn nhà,siêu thị,mặt tiền,Đất,Mặt,bước chân,Bất động sản,Danh mục,Ngày nay,địa hình,quyền lực,she,der,quân,quy mô,phòng khám,trẻ con,chữa bệnh,thầy thuốc,sanh,ông già,vua,ngựa,Vô ngã,sự vật,vô vi,vật chất,nhiệt tâm,ở đời,mặt trời,tác phẩm,hằng ngày,âm nhạc,đà,sữa,hòa,chứng,kẻ cướp,ngã nhào,cuộc đời,trọng điểm,tỉnh lộ,Tỉnh lộ,tạo thành,phà,miền Trung,số lượng,viewing,đạo diễn,playlist,niềm,cảm xúc,thao tác,mật khẩu,Chuyện,libre,este,metros,actualmente,color,efecto,principal,pero,mayor,taza,así,vez,producción,esto,tés,chino,muy,provincia,años,común,minutos,caballos,Cha,чай,čaj,marzo,junio,site,une,forme,page,also,employees,safer,world,as,training,development,around,technology,education,including,how,many,level,four,his,every,her,only,into,making,want,us,people,go,focus,way,đối phương,Hàng loạt,Trước mắt,Cậu,dự tính,trượt,Giải thưởng,sơn,thành tích,Kinh tế,ltd,Năng lượng,đơ,sản,chiều rộng,Toàn bộ,lông,hợp,cường độ,tác động,mẻ,Gia cố,mái,đống,nhân sự,chất liệu,tờ trình,đồng tiền,Biến đổi,khí hậu,ứng cứu,xô xát,Kiến thức,Sư tử,tổng cộng,Cục trưởng,túi xách,liên kết,bài học,trơn,cặp đôi,thảm,cỏ,trường quay,con voi,lá,gạc,bề mặt,thớt,dây chằng,giãn,khăn,tệp,phương,gà,mông,lễ hội,Mũi,Nếu không,chảy máu,rau muống,lam,den,mot,kho,cu,mun,nguoi,khong,phản xạ,nhận biết,trong lúc,khó thở,Tình huống,tìm thấy,mạn tính,ngón chân,thận,thực chất,cằm,hàm,toán,chuỗi,khái niệm,Trước đây,chính tả,Thành ủy,có một,Chủ,truyện dài,quần,cuộc chiến,minh hoạ,bóng tối,nghĩa,Thế giới,đường đi,ổ voi,thẩm quyền,ngang nhiên,tróc,lưu lượng,mảng,từ ngày,Chung cư,tàu bay,biên tập,Đá,đi bộ,giải cứu,hàng rào,mìn,một lần,tỏa,Ban giám đốc,bí quyết,phim trường,lục chiến,thứ ba,đồng nghiệp,tô,điện thoại di động,Lữ hành,lòng đỏ,trứng gà,ngọn,cứu thương,Khói,lãnh thổ,ruộng lúa,cánh đồng,hải lý,sáng ngày,bật đèn,Sự cố,mép,gây án,Luật sư,viện phí,thuyền trưởng,cân,huyết áp,comment,Mật khẩu,ngón út,cột sống,chẩn đoán,bài tập,Điện cơ,nhân chính,kháng viêm,Chỉnh hình,nắn,trái lại,hiệu lệnh,phượng,hòn,đại gia đình,chén,chủ trương,đường dây,trước mắt,năm ngoái,nhập viện,nhi,đinh,đông lạnh,diễn đàn,tí,phản ánh,cổng chào,ba gác,Cơ cấu,chu,ống dẫn,Thực tế,đến là,côn,kiểm định,bất chấp,xe lam,mồ hôi,hiệp,hậu vệ,trong vòng,Báo Công an,nghêu,Đội trưởng,expand,chưn,Độc giả,clipboard,Nhà chức trách,foot,cốc,Hôm qua,giu,gplx,nhu,lương,rơ moóc,quy tắc,thủ tục,cột đèn,thái độ,mL,khử,tước,vải thiều,protein,Cậu bé,cô giáo,tôm,quay lại,khí quyển,em bé,lìa,lật úp,vệt,người thợ,người hùng,ván,hướng dẫn viên,đất liền,Công việc,cáo buộc,giáo dục,Quy chuẩn,cách điện,mặt bằng,Cọc tiêu,con em,thuộc địa phận,sân cỏ,mưa lũ,nhà gỗ,nháy mắt,Cá,bị can,khu nhà,Phó thủ tướng,tiền vệ,bút danh,Đại biểu,toàn thư,phân hạng,quốc,địa danh,Cây,Phương tiện,lợi nhuận,nguồn gốc,gò,phụ,Tỉnh,nghị định,sáp nhập,Số lượng,đến nay,thanh thiếu niên,nhà văn,thứ năm,trọng,trong sáng,đảm,Phố,văn phòng,tết,sân thượng,Nội thất,vặt,Kết cấu,văn minh,phòng khách,số liệu,vừa phải,thu nhập,loại hình,tài chính,CÔNG TY,ngươi,ja,đồn,Ngã tư,ngoại ô,tùy,đặc,kết luận,tư tưởng,sở,đắc,trình độ,Không ai,cử động,trình tự,đức,lý thuyết,nghiệm,bản chất,đặc thù,giai điệu,âm,Chỉ có,trí,nguyên tắc,của Độc,trường phái,lợi,nhất thể,trí nhớ,chuyển đổi,hành pháp,diệt cỏ,đế quốc,quân dân,miền Bắc,ý chí,Trang chủ,Chất lượng,Bài hát,Tự động,play,lặng im,hỡi,bất chợt,anh Em,Lời,thể loại,giải thưởng,Yêu cầu,download,Đăng ký,cuộc vui,mai,Trời,fresco,salud,tales,contiene,humanos,brotes,altura,aunque,incluso,unos,muchos,tipo,polifenoles,composición,manera,solución,mejor,año,varios,arbusto,proceso,desecado,material,calidad,algunos,tienen,cambia,tiempo,día,literalmente,llamado,lentamente,comunes,dos,café,hace,mezclas,fuerte,influencias,elaboración,sabores,preparan,momento,consumo,azúcar,regiones,tetera,cultura,todas,ve,usa,cerámica,aroma,mundo,era,tee,teh,tè,trà,chay,mayo,dans,offrir,cette,plans,customers,work,sustainable,impact,environment,years,solutions,know,whare,feel,classes,where,interest,made,ōna,tikanga,two,just,even,started,led,haka,staff,taking,too,help,part,integrate,could,primary,teaching,see,really,find,because,both,top,strong,hard,other,offline,chủ nhật,thẻ,your,masculin,ajouter,gạo,gần đây,dương,vô cực,dắt bóng,vận,nghệ thuật,phong tỏa,Kỳ,Giới hạn,Cao tốc,Đại lộ,cổ phần,Huy chương,Huân chương,cookie,Khối lượng,Tính năng,Nguyên liệu,độ dài,Động cơ,tại nhà,Đầu máy,Dòng,Công Ty,Báo giá,tối ưu,chỉ tiêu,phá hủy,bền,dị vật,kích cỡ,chỉ cần,cốt thép,cao độ,ước mơ,ngày sau,đổ nát,hy vọng,hè,ùn tắc,mét,toàn cầu,đội ngũ,thắc mắc,tong,thời kỳ,ảnh hưởng,Chiều nay,xoắn ốc,đặc điểm,collision,don,chiến thuật,máy tính,kiến,tối ngày,cụ già,không trung,tài năng,thủ đoạn,thành ủy,danh nghĩa,tiền mặt,nhân lực,xa xỉ,nhãn hiệu,Người nhà,Vết thương,tim mạch,Công nương,ánh mắt,Thái tử,tát,lão,Giọng,tay vịn,bản tin,thu dọn,xiếc,mưa gió,gối,bàn chân,cổ chân,mủ,kháng sinh,xà phòng,thức ăn,Xếp hạng,trực tuyến,jpg,hốc mắt,xử trí,dang,rat,duoc,vet,het,gương,chiếu,tích tắc,Cách,quỹ đạo,màng,sức khoẻ,vô hại,nho,chỉ định,cùng lúc,gara,năm qua,năm mới,trán,góc độ,tóe,tay chân,dạ dày,anh chàng,khẩu trang,nhan sắc,Độ,khuyết tật,dẻo,phạm vi,diện,mô hình,giả thuyết,đơn trục,giáo khoa,chủ quan,Thế nhưng,thuần khiết,tiếng nói,Bản thân,công điện,Trung tướng,nhà xác,app,mỹ nhân,Tọa đàm,lột xác,đến mức,Sát cánh,đau đầu,truyền thống,Trận,Chồng,Nông dân,Tổng Biên tập,hỏng,trước kia,Giờ,đèn pha,dáng,ông trời,cô ta,đằng,lời nói,tỏ ra,diễn tập,đã qua,Tuyến,bờ biển,nhánh,kế toán,hủy,Chứng khoán,Tổng giám đốc,tiền của,internet,tháo chạy,lát,sông nước,hung thần,Ca sĩ,bạn thân,Hành khách,bãi biển,Bệnh,con mang,thiếu nữ,liên xã,đâm chết,Đàn ông,Pháp luật,pha,trang phục,chùa,ao,đường cong,Phi cơ,Trực thăng,Con tàu,Cơn,lựu đạn,vào vụ,lồng,công dân,Thượng tướng,chính trị,Trung đoàn trưởng,úy,nhà báo,rời khỏi,nhiệt đới,trung úy,hỏng hóc,đồi núi,chú thích,Lúc đó,mảnh,vào cuộc,Trưởng ban,An ninh,đường trong,điều tiết,Tổng Công ty,cự,Đội hình sự,giây phút,đường dài,Thủ đô,manh động,Hình sự,sửa đổi,thể từ,về quê,dẫn dắt,ở lại,trò,hình trụ,quy trình,tê,lâm sàng,thủ thuật,comments,thùy,trung thất,khí quản,stent,khác nhau,mail,cửa xe,đai,thuật,chuyên môn,ad,dòng họ,đài,Tỉnh ủy,bệnh lý,cử tạ,Cận lâm sàng,Lâm sàng,Giải,mắt cá,loạt,kíp,bên kia,cổ thụ,Nghe tiếng,Vợ,nhà có,quan sát,kinh phí,Ngoài,sedan,lẽ,xương sườn,hồng,Xác nhận,con heo,nghẹt thở,đền,NGÀY,ổ trâu,mỏ,Trạm,hãm,ken két,guốc,lò xo,hiệu lực,xi lanh,dẫn động,tắc,cảm biến,tượng,chuyên đề,vướng mắc,tay cầm,bề rộng,xe thồ,tâm trạng,lập công,công của,khung thành,Phút,Bóng,thủ thành,dầu nhớt,Vấn đề,ben,heo dầu,valve,sang số,khi nào,lỏng,môtô,cát,quyền Anh,Ngoại trưởng,width,streaming,giỗ,thất thanh,huyện Hàm,cầm lái,buýt,Chánh văn phòng,Cuộc,quá mức,dưa hấu,điện báo,xúc phạm,Thanh niên,Mạng,bộ dạng,lái xe máy,chú rể,drinking,driving,girl,rơ,truy xét,cửa hiệu,phá án,tội ác,thân nhân,phần nào,giông,nghị,vi phạm,vuot,thong,Tín hiệu,tiêu cực,áo mưa,red,luật pháp,định tính,nồng,phần trăm,oxi,sulfuric,nhà trường,Nam sinh,toàn bộ,lon,thập niên,Nữ,Thanh tra,quốc phòng,lâm nghiệp,glasgow,tiếp viên,nhà ga,lên cao,trật bánh,con rể,hòn đảo,sà lan,thủy,đường thủy,thuyền viên,thuốc nổ,metro,Nghề,gác,Điện áp,Mầm non,Chỗ,xuyến,nội quy,Xóm,đứa bé,bản lề,màng xương,hoa màu,Gãy cầu,hầu,xèo,nến,chẳng qua,trượng,oa,tử khí,kiều,bộ trưởng,thằng bé,liên bang,tàu điện ngầm,Ít nhất,tây bắc,tiểu bang,Hải quân,Hoàng gia,xà lan,chòi,người nhái,niềm tin,bảo kê,ba lá,Hiệp định,ferrea,thung lũng,đông,Địa lý,Dân số,bản đồ,Hành chính,trại,giả thiết,đa số là,nước ngọt,Bản đồ,triều,Pháp thuộc,Quận,nghị quyết,Giải thể,hiện hữu,đê bao,Nhà xuất bản,kỷ niệm,Quận ủy,Hướng,nhà riêng,dân trí,cao tầng,Giá bán,Hẻm,lộc,thuận tiện,tiện nghi,thất,nệm,lối đi,lửng,trước sau,phong cách,giá thành,khúc,quan niệm,,người,bạn,khi,ngày,nhà,số,trước,năm,sau,việc,tháng,thông tin,tin,sự,lượt,lần,Công ty,xe,tuổi,dịch vụ,tiền,bài,tài khoản,nội dung,em,cách,mạng,Số,Điện thoại,Bạn,vn,nhau,thời gian,hàng,Sau,điện thoại,mẹ,nước,thế giới,điểm,tên,thứ,lúc,trận,trang,phim,tỉnh,giá,sản phẩm,cuộc,ảnh,dân,điện tử,trách nhiệm,máy,hình ảnh,Thông tin,mật khẩu,Nhân viên,con,loại,bé,Tầng,điều,iPhone,đội,nơi,đầu,Sở,thị trường,Giấy phép,giờ,bão,com,nhạc,hóa,Thứ,thành viên,sự kiện,khu vực,phần mềm,Bộ,Báo,nhóm,chuyện,giải,ngân hàng,chương trình,phần,de,and,xã hội,tuần,đường,hôm nay,Cổ phần,doanh nghiệp,phía,câu chuyện,vấn đề,by,bên,công ty,Khi,vụ,khả năng,Tài khoản,lời,nguồn,bóng đá,dòng,bản quyền,tình cảm,kèo,công nghệ,khách hàng,trên,mẫu,châu,chồng,mức,cầu thủ,bàn,ý kiến,Quảng cáo,đàn ông,of,the,văn,gia đình,cá nhân,thiết bị,chủ,đêm,Mật khẩu,dữ liệu,báo,nữ,hãng,Ngày,phụ nữ,xe máy,quận,bản,sáng,vàng,gái,tiếng,hình,phiên bản,mùa,cộng đồng,dự án,diễn viên,tình trạng,tính năng,độ,bộ,vòng,nick,sân,một cách,khóa,site,thương mại,xã,huyện,Ban,hiện tại,thuốc,thành phố,mắt,bảng,Địa chỉ,Diễn đàn,chó,vợ,Tin tức,Vui lòng,da,kênh,cuộc sống,khoảng,tay,chân,truyền hình,nhân viên,phiên,cơ hội,chức năng,đồ,quy định,phường,phép,quốc gia,buổi,nam,Luật sư,hệ thống,Tổng thống,Công an,học sinh,màu,quyền,thịt,chiều,đoạn,pháp luật,Tin,lòng,hiện,tủ,trường,lý do,tin tức,trung tâm,chuyến,Phòng,danh sách,thực tế,cấp,khán giả,Thương lượng,Tháng chín,cuối,cá,chuyên mục,Việc,hình thức,thời điểm,mã,quan hệ,cổ phiếu,trường hợp,Cơ quan,your,lượng,công việc,bệnh,nghệ sĩ,hoa,hiện nay,máy tính,thai,khách,thời trang,câu,posted,web,kinh nghiệm,áo,cơn,nước ngoài,tài sản,trụ sở,con gái,Trụ sở,box,kết quả,chất lượng,đất,chủ đề,thương hiệu,văn bản,vô địch,trai,tình,Đơn vị,xứ,Khách hàng,with,ứng dụng,địa phương,súng,Giá,net,kế hoạch,tập,trải nghiệm,vui lòng,file,vị trí,nhu cầu,lịch sử,ấn tượng,ngôi sao,for,diễn đàn,chị em,đá,Em,tương lai,hàng đầu,cư dân,tối,lỗi,ca sĩ,luật,cơ quan,lớp,internet,truyền thông,tình yêu,thể thao,Thủ tướng,phòng,giao diện,báo chí,biểu tượng,forum,kiểu,điện,ung thư,ngành,công nghiệp,chung kết,Hoa hậu,cổ phần,cảm xúc,việc làm,câu hỏi,thanh niên,dịp,thẻ,ngôn ngữ,online,hiệu quả,địa chỉ,quà,hợp đồng,mặt,cảnh,nguy cơ,biển,vùng,mối,Dịch vụ,hành vi,thế hệ,nhân vật,tỷ lệ,quá trình,giá trị,món,tóc,vụ việc,quan điểm,anh em,tốc độ,cơ thể,Thành viên,giáo dục,cách mạng,đối tượng,lịch,máy ảnh,sóng,con người,bóng,on,nghề,màn,trực tuyến,quảng cáo,không khí,địa bàn,Hội nghị,Thể thao,phí,Thứ sáu,lực lượng,cán bộ,hạnh phúc,đối thủ,mùi,đội bóng,you,bác sĩ,sách,gió,Thời gian,đơn vị,nguyên nhân,bao,hướng,biện pháp,Văn phòng,ca khúc,xảy ra,phân,diện,luật sư,bố,thực phẩm,dan,cầu,tầng,captcha,nền,máy bay,vốn,nhựa,sức khỏe,thói quen,quốc tế,văn phòng,Công nghệ,lãnh đạo,phố,dư luận,vụ án,khoa học,tin đồn,ban đầu,hệ,ma,Chủ tịch,bản thân,Nhà,sức,chuyên gia,Hàng,người yêu,âm nhạc,cà phê,Trung tâm,trái,dưới đây,công tác,tài liệu,chữ,ý nghĩa,Điều,hà nội,mặt hàng,góp ý,Nội dung,vai,sàn,công,nạn nhân,đoàn,khu,tai nạn,Giám đốc,phong cách,trẻ,tàu,bánh,truyền thống,phương tiện,Tính năng,tiền vệ,free,giai đoạn,Toà,של,browser,or,Chương trình,chính sách,hồ sơ,đơn,môi trường,Mẹ,dạng,chất,tầm,ca,chiến thắng,lĩnh vực,giới,trong vòng,đại gia,bang,công an,tài chính,cài đặt,mục đích,thuê bao,hồi,hoá,bầu,cạnh,hôm,trước khi,bệnh viện,nửa,bạn bè,Cạnh tranh,bình,kiến thức,cuộc chiến,Sức khỏe,trình,chuột,that,màn hình,hành trình,đất nước,xung quanh,trước đây,xe tải,mục tiêu,thời,sông,dao,tiền đạo,bố mẹ,tổng,âm thanh,tác phẩm,chữ ký,tuổi Trẻ,Nhóm,nền tảng,giải pháp,chế độ,kinh tế,áp lực,vật,game,hàng loạt,cơ sở,nỗi,đời,cho rằng,smartphone,ban,vẻ,hội,bài tập,Cập nhật,quá khứ,tình dục,blog,Truyền thông,Thế giới,tài năng,Tài chính,danh mục,من,وردبرس,sitio,cửa hàng,gốc,Công việc,không gian,video,Chiều,bạn đọc,hồ,xu hướng,toàn cầu,hôn nhân,show,Hình ảnh,trang phục,Trưởng,thư,thiệp,án,Trường,Khu vực,lễ,môn,bài hát,Bài,giao thông,vợ chồng,khúc,tuyển,Cộng đồng,quân sự,giày,Thời trang,Hải quân,link,bước,lao động,Chính phủ,hạn,cô gái,Chứng khoán,cảnh sát,giấy,đợt,chính quyền,sân khấu,bán hàng,nét,tài,Thực phẩm,Quốc gia,Liên đoàn,sinh viên,lợi nhuận,tiêu chí,Tết,Danh mục,đội tuyển,saya,untuk,Kinh tế,làng,nghĩa,Máy tính,support,du,und,tiêu đề,lỗ,tai,quần áo,chỗ,chi phí,tác dụng,căn bệnh,đảo,Ý kiến,mèo,Trận,an,reserved,khoản,cặp đôi,thú,mây,miền,nguồn tin,Ứng dụng,clip,bữa,hạt,quân đội,đồng nghiệp,dengan,Gia đình,kỳ,bò,lợn,Liên kết,Máy,niềm,Nhạc,Đời,điều khoản,cược,dấu,click,chi tiết,Kết quả,Tập đoàn,Chủ,trò,Chủ đề,trưa,giấc mơ,gà,Bé,Đường,tình hình,đô thị,doanh nhân,hoàn cảnh,ngày mai,khung,công nhân,đại diện,quý,bối cảnh,thí sinh,người mẫu,vai trò,gương mặt,bị cáo,Sáng,hành chính,Chuyên mục,Thông báo,thư mục,kỹ thuật,Bên,công cụ,hành động,người đẹp,gia,con số,tín dụng,đài,Hội,Ô tô,số lượng,trò chơi,ống kính,tuổi thơ,độc giả,mỹ nhân,deine,situs,hàng ngày,is,trạng thái,đối tác,sự nghiệp,viện,phương pháp,doanh thu,khuôn khổ,Xuất bản,Giải,nhân,âm,góc,thời tiết,Góp ý,tài xế,lửa,sức mạnh,tập đoàn,thềm,Ca sĩ,đám cưới,túi xách,đời sống,tỏa,cuối tuần,mưa,so với,sự việc,nhánh,tải,quy tắc,yếu tố,tranh,ảo,Tên,Chuyện,học trò,gan,động vật,Bộ trưởng,con trai,hộ,phóng viên,Số lượng,tính,giai điệu,Bóng đá,gratis,en,שלך,את,tổng số,nhu,zing,about,download,from,uy tín,cửa sổ,dưới,băng,túi,quyết định,Hôm nay,bệnh nhân,hồng,phụ kiện,lúc này,Thứ trưởng,đại học,Điểm,scandal,thần tượng,nhiệm vụ,trí tuệ,chi nhánh,comment,núi,vũ khí,chiến tranh,nội,ghế,Mức,bản tin,Sự kiện,lực,showbiz,nhan sắc,từ ngày,chàng trai,Bản quyền,Ngôi sao,định dạng,tính mạng,Hiện tại,bình luận,gỗ,Tiếng,Thời lượng,du lịch,dấu hiệu,Quốc hội,hàng xóm,vé,diễn biến,hot,điện ảnh,idol,động cơ,bất động sản,thể loại,desktop,giải thưởng,nút,tu,un,et,des,this,Tiền đạo,thủ môn,catalogs,Kèo,Trường hợp,Chi nhánh,Quận,truy cập,địa điểm,cập nhật,can,điều kiện,thu nhập,an ninh,Tổng Bí thư,trứng,phiếu,ngoài,sỹ,tâm lý,em bé,sau này,cấp cao,Thời tiết,năm học,năng lực,tỷ phú,danh hiệu,cúp,tội,bộ phận,khái niệm,cây,Khoa học,trong mình,Người đẹp,cuộc thi,Diễn viên,nghệ thuật,chủ nhân,huyền thoại,ô tô,đường dây,Danh sách,copy,cung,yêu cầu,iPad,câu nói,thời hạn,Dòng,cần đăng,hoăc,soan,tâm điểm,chiến lược,khuôn mặt,thế kỷ,domain,comments,community,ánh sáng,chủ tịch,tim,sự thật,trang chủ,hiện trường,kỷ niệm,có hạn,chợ,hôi thối,keo,sốc,bát,nàng,phút,Câu chuyện,phim truyền hình,dây,hotline,Đăng ký,khí,nợ,đồng đội,dự đoán,tính chất,business,die,me,offline,Giải pháp,aFamily,nhà đất,Sản Phẩm,Xe máy,kỹ sư,program,shop,lương,thuế,mỡ,mỹ phẩm,Năm,đuôi,Nữ,mức lương,giống,Bệnh viện,thiên nhiên,nắng,Cuối,năm nay,ý tưởng,lúa,rác thải,tạp chí,cánh,chặng,thiên tai,Luật,nhân dân,thép,rừng,kỷ luật,Cảnh sát,tòa,Thị trường,hội nghị,Trình độ,học vấn,Trưởng phòng,mực,Trong khi,vườn,bản án,Á hậu,tuyến,trời,am,đồng,rác,quan,sau đây,iOS,bài học,cảnh báo,bậc,trái tim,trẻ em,hậu quả,ngực,design,di,trung vệ,nội địa,cậu bé,tình huống,dân tộc,người thân,Sự,chí minh,cuộc đời,mail,táo,Nổi bật,giấy phép,Bất động sản,chiếu,Sàn,đặc điểm,cảm giác,lão,Tác dụng,cơ địa,Đăng ký nhận,cô dâu,váy,sắc,Nữ diễn viên,phạm vi,Tiền,Ngoại hạng,seminoon,advertising,live,في,موقعك,على,para,par,yang,luk,kháo,Khéo tay,Bệnh,giới tính,giỏ,mùa Hè,enable,upgrading,truyen,phạt góc,lướt,di động,hoạt động,chai,không phải,ngày trước,Viện,dầu,hàng không,lộ diện,anh chàng,xe đạp,ngu,dương,âm đạo,đồ chơi,chiều nay,hòa,giáo viên,khối,thoại,Vụ,nông dân,tranh cãi,giữa,trọng tài,hôm qua,công trình,Dự án,đến nay,tên lửa,thỏa thuận,phạm,động,Nông nghiệp,thất bại,tham vọng,cảm hứng,tẩu thoát,đồng hồ,trộm,xác,chứng khoán,thắc mắc,cấu hình,Trung thu,quy trình,mục,pin,tre,đất liền,vóc dáng,bạn thân,hit,công dân,hình sự,sóng gió,more,sự cố,ones,hôn lễ,top,đề,Triển lãm,Khuyến học,Chủ nhật,thôn,quả,nông thôn,vượt qua,tỷ số,đội hình,năm qua,lô,bãi rác,đình đám,giọng,hành khách,Ảnh,bờ,chức,đèn,chìa,công chúng,danh,tên gọi,chuẩn,Thương mại,phụ đề,sang Số,playlist,tiềm năng,cha mẹ,Dưới đây,ngôi vị,cp,tỉ lệ,Phố,Ngõ,media,von,votre,les,עיצוב,dấu phẩy,hữu ích,khu phố,Cúp,mức độ,lưới,vs,nhà cái,Quy trình,quyền lợi,hàng Tổng,Nghiêm cấm,Cốc cốc,Cài đặt,nhấp,have,kho,menu,facebook,kết nối,vOz,not,are,Tiêu điểm,Giờ,giới hạn,Y tế,tai tiếng,mặt bằng,gầm,ko,miệng,gạch,sét,năm tháng,hy vọng,thì có,ý định,tâm,Nhân vật,Chân,cuộc họp,gói,Thủ đô,phong độ,Cuộc,Đa khoa,vẻ ngoài,chiến thuật,nấm,rắn,sai lầm,ông lớn,thương vụ,startup,hàng hoá,diện tích,Địa điểm,nguyên liệu,cha,não,Đời sống,Pháp luật,cú,mẹ con,dáng,bán kết,bảo hiểm,đơn hàng,Phần mềm,công sức,Lời,mâm,màu sắc,tham khảo,Không phải,Nếu không,chuỗi,Phim,phụ huynh,tư cách,lũ,trái cây,nạn,all,just,audience,attachment,started,tử thần,doanh số,thái độ,Hàng loạt,Năm học,tỷ trọng,hồn,Phó Thủ tướng,vết,sân bay,cơ,Anh,Dân trí,nhà hàng,đáng yêu,ngoại hình,thủ phạm,Sự việc,sở,Tiếng nói,giám đốc,đạn,Thời sự,ngôi nhà,ma túy,đích,fan,nhân loại,ca nhạc,cam,hành tinh,Máy ảnh,Thỏa thuận,Tháng,mô hình,nôi,kịch bản,Giấy Chứng nhận,Kinh doanh số,nhiếp ảnh gia,phái đẹp,con nhỏ,ráp,quán,khủng,tú,thảm đỏ,kỷ lục,sinh nhật,Giáo sư,tỷ,lọ,vô cực,Đỉnh,Trẻ,cô nàng,security,view,any,كوم,mit,der,el,los,עם,biên giới,phát sinh,Xe,rùa,code,chính tả,us,be,vại,mụn,công văn,cổ,thuyền,Lý do,topic,Chồng,Vợ chồng,kích cỡ,cháo,bè,phòng khám,đĩa,công thức,viêm,tiệm,thuốc tây,tiêu,lưỡi,thận,siêu thị,Từ ngày,trầm trọng,sinh hoạt,made,Trưa,Quốc lộ,Đội bóng,Kế hoạch,số một,Tỷ giá,has,Nghệ sĩ,Phiên bản,lộ trình,đùi,Ngoại giao,cáo buộc,hiệu,vũ,khí hóa,xiên,cùng lúc,kim loại,nông nghiệp,nhí,hoa hậu,bikini,ve,hài,điệu,Cấp bậc,Cơ hội,Việc làm,trừng phạt,Tổ chức,bánh xe,Ngân hàng,cua,stress,dân tộc thiểu số,ruộng,chuyển đổi,quỹ,Nguồn,pháp lý,đội ngũ,Đoàn,thủ tục,tiêu chuẩn,trung thu,truyện,bắt được,loài,bàn tay,Đại học,động thái,thông báo,giveaway,khó khăn,chủ trương,Cô,búp bê,nhiệt đới,vịnh,gương,nam giới,y tế,cuộc đua,beautiful,re,store,photos,our,bisnis,ke,cha đẻ,tay đua,hiện tượng,loài người,cứu cánh,năng lượng,chất liệu,kích thước,hiệu năng,Nước,Cục,quê,ước mơ,thành tích,máu,cô bé,phổi,thị xã,Cầu thủ,camera,Tỉnh ủy,di sản,còn lại,thịnh vượng,phương thức,Trong lúc,cổng,dàn,tương tác,Kiến thức,lí do,cơm,quãng,Mua hàng,Nội ngoại,địa vị,không ngừng,Sản phẩm,độ cao,tuổi trẻ,Trang,cửa,khoảnh khắc,thể,tình nhân,nám,nguồn gốc,chiều cao,thê,Anh Vũ Công ty,sữa,gameshow,căn hộ,Chi phí,luồng,khủng hoảng,Giáo dục,lãi suất,Tiền vệ,quân,biên tập,khai báo,like,ability,themes,it,month,yearly,مع,المباشرة,auf,den,por,avec,quam,Lao Động Điện tử,Lao động,vietnamnet,raovat,hcm,vnd,khoá,language,mobile,cụm từ,as,Cách,banner,cơ chế,impression,works,way,Đồ,Phó Chủ tịch,còi,bờ biển,tết,con cái,ngày rằm,đồ dùng,người lớn,hay không,bài thuốc,Cô bé,cân,ngăn,Hồi,âm mưu,lột xác,niềm tin,tọa đàm,ban ngành,nghị,Áp lực,lốc,Hiệu trưởng,xe điện,Hiện,đặc sản,lo ngại,Không quân,bao tải,ôtô,đêm tối,có giá,Đại diện,đường sắt,tường,chiến sĩ,cống,chính trị,thiếu niên,lệnh,điệp viên,chính phủ,huấn luyện viên,Chi tiết,bước vào,danh tính,xổ số,tối qua,mạch,gian,miền Bắc,bắc,Nhà nước,hoạt,chuyên môn,trình tự,Tiêu đề,xóa,sử,anh hùng,tiện ích,cốt truyện,hiển thị,sạc,âm đầu,tấm lòng,winphone,chim,toán,bản đồ,gợi ý,kèm theo,Trước đây,liên kết,ngữ pháp,plug,beta,không khỏi,thân,nam sinh,lá,tính cách,áp thấp,ga,Quân đội,đe dọa,Tây,khác nhau,hùng hậu,unique,easy,news,kini,keep,content,Cậu,đạo,dân số,giang hồ,số từ,sinh thái,cho biết,cô ta,vẽ,nề nếp,môi trường học tập,du học sinh,cho không,trẻ nhỏ,bằng chứng,sư tử,vực,phương án,ví dụ,thách thức,Thanh niên,số phận,khoa,ngày nay,mặt trời,chảnh,đại,lái xe,một lần,công chức,bãi,lợi ích,chứng cứ,mặt trận,Như thường lệ,tình cảnh,nữ diễn viên,lẽ,mùa hè,hơn là,tín đồ,dòng chảy,quanh,Ví dụ,sở thích,thuật toán,không hề,cặp,đồn,mua hàng,chấp,Hiện nay,hạng,như là,Cà phê,việt,tắt,audio,tuyển tập,nhạc sĩ,ngoại lệ,phần lớn,sức sống,xuất xứ,một đôi,thon,thánh,tôn,nón,bí quyết,dấu ấn,trà,kết hôn,cụm,thân hình,thứ hai,thứ ba,nhát,phản biện,mang tên,tuyển thủ,máy móc,chiến trường,sơn,cho vay,thủy sản,Công nghiệp,nhà nước,thảm họa,đàn em,lên trang,nghề nghiệp,الويب,دعم,für,publicidad,domaine,vous,gratuit,stockage,לך,באימייל,nhà ở,Tỷ lệ,Tay,Anh em,chủ nhật,cảm biến,nâng cấp,toàn cảnh,Hôm qua,khỏe mạnh,kỳ vọng,đầu mùa,Chiến thắng,hiệp,lượt về,chú rể,hlv,Lượng,Tòa soạn,hói,tablet,understand,nhạy bén,Quy chế,please,products,up,floor,chỉ cần,hosts,Tự động,thanh,following,sau đó,want,Giá trị,post,Chính Phủ,lãi,mềm mại,hường,sến,rối,hẹ,serum,bồ kết,tẹo,song kiếm,bích,đệ,nhaCác,lông,yêu quái,tối ngày,Phụ nữ,mùng,thuở xưa,anh,đường thẳng,lấy chồng,Trước tiên,nói là,một chút,MẸ,tô,Trộm vía,Bác sĩ,nhiên,cụ,dân gian,thoái vị,seeding,khéo,tí,vãi,thất đức,biến đổi,độ Kinh,Bóng tối,cám dỗ,vào vai,đường cùng,thi cử,Thực tiễn,shoot,đôi lứa,thương tâm,thuốc nhỏ mắt,phù sa,đê bao,Tinh thần,mưa dông,táo bạo,Trung học,Thế hệ số,chief,Nhiệt tình,nội trợ,cây trồng,nông sản,Mô hình,TIN,đơn nam,del,nước nhà,đánh vần,diễn,Thói quen,trong,sườn,quốc lộ,Lãnh đạo,cao tốc,liệt sĩ,vật liệu,quy mô,không quân,Hoàng tử,chiến dịch,Cậu bé,thắng lợi,ví,loại hình,khởi đầu,họa,tiết,bài toán,giá bán,công viên,bom,Vũ trụ,đặc trưng,Người mẫu,ứng viên,cẩm nang,Điều kiện,Kỹ thuật,logic,nước mắm,tổ chức,ghen tuông,Hoàng đế,hình phạt,tử hình,chốn,tuc,vú,dịch,đỉnh,Thứ ba,dụng,tác giả,lựa chọn,âm lịch,mẹo,gi,cách thức,hợp lí,soạn,Cùng với,điều hòa,tốc,thầy,Sách giáo khoa,Từ khoá,chỉ trích,vắc,ngừa,thất,cát,kiểu dáng,Con,Quốc phòng,vi,chú,hiện thực,công của,giấc,đồ uống,trạm,rau,giường,mái tóc,rạp,templates,new,automatically,ads,sama,hari,sy,akan,idea,back,best,xa lộ,cửa ngõ,nẹt,inh ỏi,Chiến tranh Lạnh,vượt trội,cựu học sinh,tật xấu,trái lại,nhái,bi kịch,diva,góc độ,sao,hàng năm,lệ,bảo kê,băng nhóm,vố,nặng lãi,na,xum,tâm linh,giày da,đồng chí,bộ xương,màn ảnh,gần đây,vị,Nhà báo,trường học,cột,Tuổi,trưởng,tác động,xương,lẩu,page,Báo giá,Hiệp định,Thường vụ,hiệu lực,lồng đèn,lưng,thầy trò,môi,khí hậu,Hội đồng,mộ,đối thoại,hậu trường,thưởng thức,Lần,mật,bà,phương Tây,suất,loạt,trẻ thơ,trải qua,Tâm trạng,đáy,cánh cửa,đàn bà,Lúc,Hệ thống,Giữa,tâm bão,danh tiếng,khuyến mại,chủ động,phương châm,mong đợi,đúng lúc,Đất,Câu hỏi,sức hút,điển hình,đề từ,đường đi,tinh thần,thiếu nhi,giây phút,Kết nối,Ngày nay,ký ức,đến mức,song ca,bản nhạc,hoa hồng,chỉ số,khắp nơi,tiểu đường,dĩ,nh,Tập thể hình,gầy,nàng dâu,muôn đời,thườn,chăn,Nữ ca sĩ,bún,thiếu nữ,than,sai phạm,vũ trụ,vua,meeting,Thái tử,pháo,rồng,ven biển,quần đảo,con mắt,chiêu mộ,tù nhân,giống như,đơn kiện,tuyến đường sắt,cao,tướng,vào cuộc,lương thực,chụp ảnh,trội,vị thế,biến thái,kè,phiên toà,Mục đích,Cho vay,Trí thức,Cuộc chiến,với nhau,khát vọng,selfie,day,menswear,hiểu lầm,phòng chờ,tạo hình,chàng,huy chương,Chỉ vì,phát ngôn,thử thách,siêu sao,điềm,chất độc,lời lẽ,Chung kết,cỡ,học phí,need,global,take,love,space,tools,per,الخاصة,اسم,ودعم,eine,deiner,oder,las,electrónico,correo,directo,une,le,personnalisé,publicités,תכונות,באמצעות,בחינם,האתר,דומיין,komunitas,cảng,ly,Miền,tinhte,dSLR,mô tô,Xe đạp,kép,cải tiến,năm ngoái,cầu sau,gạch mộc,Tài năng,giao hữu,thẻ vàng,hormone,lanh lợi,tiếc nuối,phong,server,nghịch,tập thể,Ghi nhớ,must,ra vào,sáng chế,years,age,pha,nuoc,ngoai,au,ưu,vấp,Quy định,thương nhân,đăng tải,nạp,experience,users,add,list,using,biến thể,tích hợp,đường dẫn,Sau đó,above,Vị trí,Lưu ý,Quà,search,find,THÔNG TIN,Đối tượng,bê bối,bà con,cổ đông,tiền của,đối phương,ngày tháng,Đàn ông,Cuộc Sống,Cuộc sống,tiên,phật,liều,xưa,dạ dày,thực quản,mồ hôi,đằng,ánh,tuyến đường,trưởng phòng,van,Tạp chí,Sông,Hiệp hội,đánh bại,tay vợt,Thiếu tá,đặc ân,phòng khách,nghị sĩ,dự luật,bán đảo,Khả năng,mô phỏng,nhà cửa,Tham vọng,lành,trắc,tr,đồng Loại,vô sinh,hiếm muộn,thực khách,trừu tượng,ngữ âm học,thiên hà,sếp,vợ con,cabin,ảnh hưởng,hạ lưu,Phó giám đốc,ăn thịt,thú y,trung,đồ đạc,thủy điện,đưa ra,Thịt,khoảng cách,hạt nhân,phi công,món ăn,ong,nội thất,thời đại,tên tuổi,Trước khi,gối,phẩm chất,Đêm,thơ,khó lòng,Nhận việc làm,Tìm thấy,Ngành nghề,Sinh viên,Kỹ sư,Chuyên đề,Công văn,Món,Công thương,sán dây,quan niệm,tiêu khiển,chuồng,tam giác,mận,lính,hủy,mí,Tin đồn,thông điệp,cường độ,Uỷ ban,Nghị định số,sức khoẻ,Thanh tra,Báo chí,suối,giả của,sư,Lĩnh vực,niêm phong,phần nào,Vật lý,dân cư,build,thập niên,đồ họa,chiến,time,Thủ thuật,chị Hằng,key,ý thích,mải mê,phần trăm,khao,cỗ,tên riêng,tập đọc,phân biệt,vô bờ bến,bé bỏng,mẫu tử,tựa đề,tấm gương,ác,vần,âng,chỗ trống,giáo khoa,giải đáp,bài thơ,tiếng kêu,bài văn,Mùa hè,Truyền hình,Tài liệu,quê hương,Tin vui,hành,word,Tác giả,thay đổi,hiệu suất,khẩu trang,vùng đất,thanh xuân,khung cảnh,thượng nguồn,Gần đây,rượu,phần tử,nghĩa vụ,mầm non,Khoảng,cột mốc,thành công,Thị xã,trong khi,Cô gái,đồ ăn,bóng tối,style,images,ll,they,look,others,good,out,sudah,lagi,karna,akhirnya,pun,pernah,yg,juga,aki,semua,atau,some,điện từ,thao tác,gậy,đường phố,hỏa,hoạn,Thứ năm,Thứ tư,Thứ hai,khí tượng,thủy văn,Điện tử,công lập,suy nghĩ,bếp,lò,chén,động lực,thức ăn,lược,set,thông tư,Hậu vệ,twitter,chùa,lăng,nhà trọ,cuộc chơi,đường cao tốc,cực mạnh,thần,cầu vượt,Quyết định,tiểu học,người ở,nhà máy,Thế Giới,Trưởng ban,triều,công suất,nhà báo,cơn sốt,chiêu,bước chân,quy hoạch,màu mỡ,mưu,đồng loạt,khói,ngư dân,Cơn,hung thủ,rừng rậm,phiến quân,Lực lượng,viễn cảnh,cố vấn,người hùng,chủ bài,diện mạo,diễn xuất,thực lực,Hành động,Cuộc đời,chuyển động,bước tiến,Lúc này,phương,tế bào,hang động,ngoại cảnh,bất tận,đáng giá,phản hồi,thẩm mỹ,thua kém,cuồng,mái,Trước,Nghệ thuật,thùng,Chất liệu,cafe,ống,tinh tế,hộp,đảm,bữa ăn,vật dụng,hằng ngày,gian hàng,phổ thông,cỗ máy,sportbike,Quá trình,đường đất,Hôm,thợ săn,Cha mẹ,Dân tộc,Phim truyện,Hạnh phúc,con đường,mm,số liệu,gốc từ,động tác,nhạc cụ,thị phần,tận hưởng,giọng hát,cá tính,xếp hạng,kẻ khác,phái,bụng,sơ mi,nhóc,chỉ có,gu,kim,thẩm,đoán trước,nắm giữ,tội phạm,chung cư,ngửa,tòa án,ông xã,ngôn,khai trương,đề cử,Dấu,vết thương,Vợ,công chúa,đám đông,bố chồng,củ,nghiệp,bóng rổ,cưng,nội tạng,phế liệu,triệu phú,khách sạn,thị trấn,Người phát ngôn,nước sạch,Đại biểu,đại chúng,tàu chiến,nước mắt,ngóc ngách,duyên,chuông,nhận xét,bổ nhiệm,cầm quân,Tình,chiều dài,thẻ đỏ,khán đài,mốc,vận,vỉa hè,anh trai,đế chế,không ai,thải,tức thì,gặp phải,á quân,ông nội,tai nghe,tôm,của Thông tư,tăng lực,Bước vào,tuyển quân,thông số,đến tháng,tiêu cực,Việt kiều,Sinh vật,seo,sò,nữ tính,hơn cả,bấn loạn,chưa hề,tan rã,Bênh vực,netizen,concert,Đầu tiên,Học viện,đẳng cấp,nấc,dâu,vùng biển,tháng Giêng,navigation,ideas,play,hosting,videos,documents,edit,update,device,debit,had,my,life,minutes,التي,أدوات,أو,كل,التجارية,يمكنك,ميزات,الإلكتروني,مساحة,أزل,aller,deinem,ist,hinzu,einfach,pro,jährliche,verdienen,todo,contenido,como,seguridad,tema,usuarios,gracias,una,mes,anualmente,communauté,contenu,nous,est,sécurité,marque,paiements,mois,annuelle,illimités,לאתר,שלנו,כלי,בניית,בעזרת,לקבל,ערכות,בקלות,תוכן,לחודש,שנתי,אישית,שטח,הסרת,ללא,תמיכה,kami,dari,bulan,tahunan,fitur,đê,dự thảo,cơ quan chức năng,quý hiếm,Quân chủng,đa phương,tiến độ,Biên phòng,nhật trình,vật thể,minigame,cho đến,áo dài,comeback,size,tai hại,đỗ,bia,tông,Đội,Rốt cuộc,mừng thầm,sụt,nguyện vọng,chủ lực,Kỷ nguyên,chủ nhà,tip,đôi bên,xác thực,cúi đầu,tiêu hóa,Trí tuệ,lộc,congan,thanhnien,tienphong,dong,vật giá,kinh dị,đà,nẵng,viet,nhac,dantri,baomoi,vtc,luat,nien,bong da,ngan,han,thoi,tiet,hom,noi,gon,gio,dola,vnđ,sky,tình báo,đểu,thiệt hại,pages,actions,Hoa hồng,tối thiểu,ký hiệu,số là,bàn Hoàn,massage,Porsche,đăng đó,thank,vote,Chữ,avatar,blast,Cơ chế,Yêu cầu,tra,company,whole,tailored,specifically,needs,suggestions,faster,message,wish,choose,software,double,yes,service,enjoy,Công cụ,đấu giá,higher,phím,tab,âm tiết,đúp,Tốc độ,etc,như sau,Biểu tượng,icon,vozForums,visit,check,below,account,sân chơi,now,vBulletin,alpha,questions,how,Khuyến khích,dzời,Già,mất giá,minh tinh,Hi hi,biểu cảm,ưng,mỹ,hưng,bủa vây,Kiểm nghiệm,vi sinh,vậtCục,Hãng,nướcRiêng,nại,cọng,họ hàng,mặt trăng,Đoạn,Cổ phiếu,làm giá,xào nấu,vớ,quáKlq,sao mà,chời,ha ha,Hôm nọ,Thường,rỉ,men,tổn thương,nhỏ,nghĩ ngợi,lo toan,trãi,đuoc,cv,nhaDanh,bà chị,bla,ông anh,bán rẻ,nhưng mà,Tầm,dặm,thực đơn,tổng quát,mào gà,kiều,phác đồ,bệnh tình,lúc đó,trách,ông bà,face,khốn nạn,mào,nương,Chiết xuất,phong thấp,giải độc,đào thải,bài tiết,nước tiểu,Dây đau xương,mẫu mã,ti,khô ráo,bủi,hôm sau,HỘI,WHAT,market,thuộc địa phận,thùng xe,tô hiệu,va chạm,mặt đường,violon,đường làng,Tai nạn,kem,áo vàng,rơ,quần vợt,Đương kim,Hiện tượng,thử sức,vấn,dấy lên,Vụ án,tội danh,Kỳ hạn,đột quỵ,Thầy thuốc,níu,hương vị,tiện nghi,joined,again,we,consume,meat,hỗn hợp,mặt nước,xe khách,sông Mã,Khói,mùi hôi,đám cháy,tháo chạy,chốt,hạ tầng,hạng mục,lực lượng vũ trang,cấu trúc,hệ sinh thái,hoài nghi,vệ tinh,sức ép,Đại sứ,phủ nhận,quầy,sản,giấc ngủ,Phó thủ tướng,cải cách,Thiết bị,của ông,dịch tả,heo,tùy,cước,xe ôm,ruột,thư viện,đạo đức,ghi nhận,thanh lịch,Tài tử,sĩ,Điện ảnh,gợi cảm,Tuyển dụng,quyền lực,Hà Nội Điện thoại,Dầu khí,nguồn vốn,Sắc lệnh,Hành pháp,bộ ba,Độc quyền,Bạn đọc,nhà chức trách,bàng quang,Hà thành,đi nghỉ,trăn,gà con,mồi,minh,anh chị em,bốc mùi,Tàu sân bay,Chú,trong lúc,Diễn biến,Trung ương,Ngày mai,oC,vàng Hồ,đá quý,miền Nam,Mưa,Tổng đài,quốc tịch,đống,cổ tức,release,iLeader,retro,nhập vai,báo cáo,nghiệp vụ,chỉnh,album,iTunes,cấp bộ,đa,thế mạnh,thu nhỏ,chữ hoa,dễ hiểu,template,phẩm,thể dịch,nhà thơ,chân chính,lẽ phải,búp,măng non,rèn luyện,chữ viết,Cây,khế,cấu tạo,làm bài,hoạn nạn,tình bạn,dê,sanh,ĐIỀU KIỆN,sương,chữ cái,iphone,dịch thuật,Chụp ảnh,ghi chú,vun vén,niềm vui,đồng nghĩa,lời giải,tổ,duyệt,vượt quá,trong suốt,hiện có,kích hoạt,trùng lặp,Hỗn số,phép cộng,chó Nhật,tiêm chủng,chỉ định,trọng lượng,hay biết,mảnh,công sở,bolero,hoàn,chấm thi,tát,du khách,Tình yêu,chị gái,bông,người thương,lý tưởng,kết bạn,ám,tấn,ngày hội,Thời,để không,địa hình,thanh thiếu niên,thiếu úy,Bị cáo,câu lạc bộ,chào đón,tích,rạng sáng,đa khoa,nhân tố,bạn tình,bơ,đồng tiền,kho báu,tay chân,xác chết,passions,perfect,fits,flexible,home,clicks,money,work,relevant,income,posting,passion,which,analytics,where,coming,even,directly,Hang,onto,memories,moments,matter,thousands,posts,expertise,mind,discover,millions,people,published,their,here,đề xuất,mark,knowledge,passionate,over,kasih,bantuan,
0,0,0,0,0,0,1,0,0,0,0,0,0,0,0,0,0,0,0,0,0,0,0,0,0,0,0,0,0,0,0,0,0,0,0,0,0,0,0,0,0,0,0,0,0,0,0,0,0,0,0,0,0,0,0,0,0,0,0,0,0,0,0,0,0,0,0,0,0,3,0,0,0,0,0,0,0,0,0,0,0,0,0,0,0,0,0,0,0,0,0,0,0,0,0,1,0,0,0,0,0,0,0,0,0,0,0,0,0,0,0,0,0,0,0,0,0,0,0,0,0,0,0,0,0,0,0,0,0,0,0,0,0,0,0,0,0,0,0,1,0,0,0,0,0,0,0,0,0,0,0,0,0,0,2,0,0,0,0,0,0,0,0,0,0,0,0,0,0,0,0,0,0,0,0,0,0,0,0,0,0,0,0,0,0,0,0,0,0,0,0,0,0,0,0,0,0,0,0,0,0,0,0,0,0,0,0,0,0,0,0,0,0,0,0,0,0,0,0,0,0,0,0,0,0,0,0,0,0,0,0,0,0,0,0,0,0,0,0,0,0,0,0,0,0,0,0,0,0,0,0,0,0,0,0,0,1,0,0,0,0,0,0,0,0,0,0,0,0,0,0,0,0,0,0,0,0,1,0,0,0,0,0,0,0,0,0,0,0,0,0,0,0,0,0,0,0,0,0,0,0,0,0,0,0,0,0,0,0,0,0,0,0,0,0,0,0,0,0,0,0,0,0,0,0,0,0,0,0,0,0,0,0,0,0,0,0,0,0,0,0,0,0,0,0,0,0,0,0,0,0,0,0,0,0,0,2,1,0,0,0,0,0,0,0,0,0,0,0,0,0,0,0,0,0,0,0,0,0,0,0,0,0,0,0,0,0,0,0,0,0,0,0,0,0,0,0,0,0,1,0,0,0,0,0,0,0,0,0,0,0,0,0,0,0,0,0,0,0,0,0,0,0,0,0,0,0,0,0,0,0,0,0,0,0,0,0,0,0,0,0,0,0,0,0,0,0,0,0,0,0,0,0,0,0,0,0,0,0,0,0,0,0,0,0,0,0,0,0,0,0,0,0,0,0,0,0,0,0,0,0,0,0,0,0,0,0,0,0,0,0,0,0,0,0,0,0,0,0,0,0,0,0,0,0,0,0,0,0,0,0,0,0,0,0,0,0,0,0,0,0,0,0,0,0,0,0,0,0,0,0,0,0,0,0,0,0,0,0,0,0,0,0,0,0,0,0,0,0,0,0,0,0,0,0,0,0,0,0,0,0,0,0,0,0,0,0,0,0,0,0,0,0,0,0,0,0,0,0,0,0,0,0,0,0,0,1,0,0,0,0,0,0,0,0,0,0,0,0,0,0,0,0,0,0,0,0,0,1,0,0,0,0,0,0,0,0,0,0,0,0,0,0,0,0,0,0,0,0,0,0,0,0,0,0,0,0,0,0,0,0,0,0,0,0,0,0,0,0,0,0,0,0,0,0,0,0,0,0,0,0,0,0,0,0,0,0,0,0,0,0,0,0,0,0,0,0,0,0,0,0,0,0,0,1,0,0,0,0,0,0,0,0,0,0,0,0,0,0,0,0,0,0,0,0,0,0,0,0,0,0,0,0,0,0,0,0,0,0,0,0,0,0,0,0,0,0,0,0,0,0,0,0,0,0,0,0,0,0,0,0,0,0,0,0,0,0,0,0,0,0,0,0,0,0,0,0,0,0,0,0,0,0,0,0,0,0,0,0,0,0,0,0,0,0,0,0,0,0,0,0,0,0,0,0,0,0,0,0,0,0,0,0,0,0,0,0,0,0,0,0,0,0,0,0,0,0,0,0,0,0,0,0,0,0,0,0,0,0,0,0,0,1,0,0,0,0,0,0,0,0,0,0,0,0,0,0,0,0,0,0,0,0,0,0,0,0,0,0,0,0,0,0,0,0,3,3,0,0,0,0,0,0,0,0,0,0,0,0,0,0,0,0,0,0,0,0,0,0,0,0,0,0,0,0,0,0,0,0,0,0,0,0,0,0,0,0,0,0,0,0,0,0,0,0,0,0,0,0,0,0,0,0,0,0,0,0,0,0,0,1,0,0,0,0,0,0,0,0,0,0,0,0,0,0,0,0,0,0,0,0,0,0,0,0,0,0,0,0,0,0,0,0,0,0,0,0,0,0,0,0,0,0,0,0,0,0,0,0,0,0,0,0,0,0,0,0,0,0,1,0,0,0,0,0,0,0,0,0,0,0,0,0,0,0,0,0,0,0,0,0,0,0,0,0,0,0,0,0,0,0,0,0,0,0,0,0,0,0,0,0,0,0,0,0,0,0,0,0,0,0,0,0,0,0,0,0,0,0,0,0,0,0,0,0,0,0,0,0,0,0,0,0,0,0,0,2,0,0,1,0,0,0,0,0,0,0,0,0,0,0,0,0,0,0,0,0,0,0,0,0,0,0,0,0,0,0,0,0,0,0,0,0,0,0,0,0,0,0,0,0,0,0,0,0,0,0,0,0,0,0,0,0,0,0,0,0,0,0,0,0,0,0,0,0,0,0,0,0,0,0,0,0,0,0,0,0,0,0,0,0,0,0,0,0,0,0,0,0,0,0,0,0,0,0,0,0,0,0,0,0,0,0,0,0,0,0,0,0,0,0,0,0,0,0,0,1,2,0,0,0,0,0,0,0,0,0,0,0,0,0,0,0,0,0,0,0,0,0,0,0,0,0,0,0,0,0,0,0,0,0,0,0,0,0,0,0,0,0,0,0,0,0,0,0,0,0,0,0,0,0,0,0,0,0,0,0,0,0,0,0,0,0,0,0,0,0,0,0,0,0,0,0,0,0,0,0,0,0,0,0,0,0,0,0,0,0,0,0,0,0,0,0,0,0,0,0,0,0,0,0,0,0,0,0,0,0,0,0,0,0,0,0,0,0,0,0,0,0,0,0,0,0,0,0,0,0,0,0,0,0,0,0,0,0,0,0,0,0,0,0,0,0,0,0,0,0,0,0,0,0,0,0,0,0,0,0,0,0,0,0,0,0,0,0,0,0,0,0,0,0,0,0,0,0,0,0,0,0,0,0,0,0,0,0,0,0,0,0,0,0,0,0,0,0,0,0,0,0,0,0,0,0,0,0,0,0,0,0,0,0,0,0,0,0,0,0,0,1,0,0,0,0,0,0,0,0,0,0,0,1,0,0,0,0,0,0,0,0,0,0,0,0,0,0,0,0,0,0,0,0,0,0,0,0,0,0,0,0,0,0,0,0,0,0,0,0,0,0,0,0,0,0,0,0,0,0,0,0,0,0,0,0,0,0,0,0,0,0,0,0,0,0,0,0,0,0,0,0,0,0,0,0,0,0,0,0,0,0,0,0,0,0,0,0,0,0,0,0,0,0,0,0,0,0,0,0,0,0,0,0,0,0,0,0,0,0,0,0,0,0,0,0,0,0,0,0,0,0,0,0,0,0,0,0,0,0,0,0,0,0,0,0,0,0,0,0,0,0,0,0,0,0,0,0,0,0,0,0,0,0,0,0,0,0,0,0,0,0,0,0,1,0,0,0,0,0,0,0,0,0,0,0,0,0,0,0,0,0,0,0,0,0,0,0,0,0,0,0,0,0,0,0,0,0,0,0,0,0,0,0,0,0,0,0,0,0,0,0,0,0,0,0,0,0,0,0,0,0,0,0,0,0,0,0,0,0,0,0,0,0,0,0,0,1,0,0,0,0,0,0,0,0,0,0,0,0,0,0,0,0,0,0,0,0,0,0,0,0,0,0,0,0,0,0,0,0,0,0,0,0,0,0,0,0,0,0,0,0,0,0,0,0,0,0,0,0,0,0,0,0,0,0,0,0,0,0,0,0,0,0,0,0,0,0,0,0,0,0,0,0,0,0,0,0,0,0,0,0,0,0,0,0,0,0,0,0,0,0,0,0,0,0,0,0,0,0,0,0,0,0,0,0,0,0,0,0,0,0,0,0,0,0,0,0,0,0,0,0,0,0,0,0,0,0,0,0,0,0,0,0,0,0,0,0,0,0,0,0,0,0,0,0,0,0,0,0,0,0,0,0,0,0,0,0,0,0,0,0,0,0,0,0,0,0,0,1,0,0,0,0,0,0,0,0,0,0,0,0,0,0,0,0,0,0,0,0,0,0,0,0,0,0,0,0,0,0,0,0,0,0,0,0,0,0,0,0,0,0,0,0,0,0,0,0,0,0,0,0,0,0,0,0,0,0,0,0,0,0,0,0,0,0,0,0,0,0,0,0,0,0,0,0,0,0,0,0,0,0,0,0,0,0,0,0,0,0,0,0,0,0,0,0,0,0,0,0,0,0,0,0,0,0,0,0,0,0,0,0,0,0,0,1,0,0,0,0,0,0,0,0,0,1,0,0,0,0,0,0,0,0,0,0,0,0,0,0,0,0,0,0,0,0,0,0,0,0,0,0,0,0,0,0,0,0,0,0,0,0,0,0,0,0,0,0,0,0,0,0,0,0,0,0,0,0,0,0,0,0,0,0,0,0,0,0,0,0,0,0,0,0,0,0,0,0,0,0,0,0,0,0,0,0,0,0,0,0,0,0,0,0,0,0,0,0,0,0,0,0,0,0,0,0,0,0,0,0,0,0,0,0,0,0,0,0,0,0,0,0,0,0,0,0,0,0,0,0,0,0,0,0,0,0,0,0,0,0,1,0,0,0,0,0,0,0,0,0,0,0,0,0,0,0,0,0,0,0,0,0,0,0,0,0,0,0,0,0,0,0,0,0,0,3,0,0,0,0,0,0,0,0,0,0,0,0,0,0,0,0,0,0,0,0,0,0,0,0,0,0,0,0,0,0,0,0,0,0,0,0,0,0,0,0,0,0,0,0,0,0,0,0,0,0,0,0,0,0,0,0,0,0,0,0,0,0,0,0,0,0,0,0,0,0,0,0,0,0,0,0,0,0,0,0,0,0,0,0,0,0,0,0,0,0,0,0,0,0,0,0,0,0,0,0,0,0,0,0,0,0,0,0,0,0,0,0,0,0,0,0,0,0,0,0,0,0,0,0,0,0,0,0,0,0,0,0,0,0,0,0,0,0,0,0,0,0,0,0,0,0,0,0,0,0,0,0,0,0,0,0,0,0,0,0,0,0,0,0,0,0,0,0,0,0,0,0,0,0,0,0,0,0,0,0,0,0,0,0,0,0,0,0,0,0,0,0,0,0,0,0,0,0,0,0,0,0,0,0,0,0,0,0,0,0,0,0,0,0,0,0,0,0,0,0,0,0,0,0,0,0,0,0,0,0,0,0,0,0,0,0,0,0,0,0,0,0,0,0,0,0,0,0,0,0,0,0,0,0,0,0,0,0,0,0,0,0,0,0,0,0,0,0,0,0,0,0,0,0,0,0,0,0,0,0,0,0,0,0,1,0,0,0,0,0,0,0,0,0,0,0,0,0,0,0,0,0,0,0,0,0,0,0,0,0,0,0,0,0,0,0,0,1,0,0,0,0,0,0,0,0,0,0,0,0,0,0,0,0,0,0,0,0,0,0,0,0,0,0,0,0,0,0,0,0,0,0,0,0,0,0,0,0,0,0,0,0,0,0,0,0,0,0,0,0,0,0,0,0,0,0,0,0,0,0,0,0,0,0,0,0,0,0,0,0,0,0,0,0,0,0,0,0,0,0,0,0,0,0,0,0,0,0,0,0,0,0,0,0,0,0,0,0,0,0,0,0,0,0,0,0,0,0,0,0,1,0,0,0,0,0,0,0,0,0,0,0,0,0,0,0,0,0,0,0,0,0,0,0,0,0,0,0,0,0,0,0,0,0,0,0,0,0,0,0,0,0,0,0,0,0,0,1,0,0,0,0,0,0,0,0,0,0,0,0,0,0,0,0,0,0,0,0,0,0,0,0,0,0,0,0,0,0,0,0,0,0,0,0,0,0,0,0,0,0,0,0,0,0,0,0,0,0,0,0,0,0,0,0,0,0,0,0,0,0,0,0,0,0,0,0,0,0,0,0,0,0,0,0,0,0,0,0,0,0,0,0,0,0,0,0,0,0,0,0,0,0,0,0,0,0,0,0,0,0,0,0,0,0,0,0,0,0,0,0,0,0,0,0,0,0,0,0,0,0,0,0,0,0,0,0,0,0,0,0,0,0,0,0,0,0,0,0,0,0,0,0,0,0,0,0,0,0,0,0,0,0,0,0,0,0,0,0,0,0,0,0,0,0,0,0,0,0,0,0,0,0,0,0,0,0,0,0,0,0,0,0,0,0,0,0,0,0,0,0,0,0,0,0,0,0,0,0,0,1,0,0,0,0,0,0,0,0,0,0,0,0,0,0,0,0,0,0,0,0,0,0,0,0,0,0,0,0,0,0,0,0,0,0,0,0,0,0,0,0,0,0,0,0,0,0,0,0,0,0,0,0,0,0,0,0,0,0,0,0,0,0,0,0,0,0,0,0,0,0,0,0,0,0,0,0,0,0,0,0,0,0,0,0,0,0,0,0,0,0,0,0,0,0,0,0,0,0,0,0,0,0,0,0,0,0,0,0,0,0,0,0,0,0,0,0,0,0,0,0,0,0,0,0,0,0,0,0,0,0,0,0,0,0,0,0,0,0,0,0,0,0,0,0,0,0,0,0,1,0,0,0,0,0,0,0,0,0,0,0,0,0,0,0,0,0,0,0,0,0,0,0,0,0,0,0,0,0,0,0,0,0,0,0,0,0,0,0,0,0,0,0,0,0,0,0,0,0,0,0,0,0,0,0,0,0,0,281,0,1,0,0,0,0,0,0,0,0,0,0,0,0,0,0,0,0,0,0,0,0,0,0,0,0,0,0,0,0,0,0,0,3,0,0,0,0,0,0,0,0,0,0,0,0,0,0,0,0,0,0,0,0,0,0,0,0,0,0,0,0,0,0,0,0,0,0,0,0,0,0,0,0,0,0,0,0,0,0,0,0,0,0,0,0,0,0,0,0,0,0,0,0,0,0,0,0,0,0,0,0,0,0,0,0,0,0,0,0,0,0,0,0,0,0,0,0,0,0,0,0,0,0,0,0,0,1,0,0,0,0,0,0,0,0,0,0,0,0,0,0,0,0,0,0,0,0,0,0,0,0,0,0,0,0,0,0,0,0,0,0,0,0,0,0,0,0,0,0,0,0,0,0,0,0,0,0,1,0,0,0,0,0,0,0,0,0,0,0,0,0,0,0,0,0,1,0,0,0,0,0,0,0,0,0,0,0,0,1,0,0,0,0,0,0,0,0,0,0,0,0,0,0,0,0,0,0,0,0,1,0,0,0,0,1,0,0,0,0,0,0,0,0,0,0,0,0,0,0,0,0,0,0,0,0,0,0,0,0,0,0,0,0,0,0,0,0,0,0,0,2,0,0,0,0,0,0,1,0,0,0,0,0,0,0,1,0,0,0,0,0,0,0,0,0,0,0,0,0,0,0,0,0,0,0,0,0,0,0,0,0,0,0,0,0,0,0,0,0,0,0,0,0,0,0,0,0,0,0,0,0,0,0,0,0,0,0,0,0,0,0,0,0,0,0,0,0,0,0,0,0,0,0,0,0,0,0,0,1,0,0,0,0,0,0,0,0,0,0,0,0,0,0,0,0,1,0,0,0,0,0,0,0,0,0,0,0,0,0,0,0,0,0,0,0,0,0,0,0,0,0,0,0,0,0,0,0,0,0,0,0,0,0,0,0,0,0,0,0,0,0,0,0,0,0,0,0,0,0,0,0,0,0,0,0,0,0,0,0,0,0,0,0,0,0,0,0,0,0,0,0,0,0,0,0,0,0,1,0,0,0,3,0,0,0,0,0,0,0,0,0,0,0,0,0,0,0,0,0,0,0,0,0,0,0,0,0,0,0,0,0,0,0,0,0,0,0,0,0,0,0,0,0,0,0,0,0,0,0,0,0,0,0,0,0,0,0,0,0,0,0,0,0,0,0,0,0,0,0,0,0,0,0,0,0,0,0,0,0,0,0,0,0,0,0,0,0,0,0,0,0,0,0,0,0,0,0,0,0,0,0,0,0,0,0,0,0,0,0,0,0,0,0,0,0,0,1,0,0,0,0,0,0,0,0,0,0,0,0,0,0,0,0,0,0,0,0,0,0,0,0,0,0,0,0,0,0,0,0,0,0,0,0,0,0,0,0,0,0,0,0,2,0,0,0,0,0,0,0,0,0,0,0,0,0,0,0,0,0,0,0,0,0,0,0,0,0,0,0,0,0,0,0,0,0,0,0,0,0,0,0,0,0,0,0,0,0,0,0,0,0,0,0,0,0,0,0,0,0,0,0,0,0,0,0,0,0,0,0,0,0,0,0,0,0,0,0,0,0,0,1,0,0,0,0,0,0,0,0,0,0,0,0,0,0,0,0,0,0,0,0,0,0,0,0,0,0,0,0,0,0,0,0,0,0,0,0,0,0,0,0,0,0,0,0,0,0,0,0,0,0,0,0,0,0,0,1,0,0,0,0,0,0,0,0,0,0,0,0,0,0,0,0,0,0,0,0,0,0,0,0,0,0,0,0,0,0,0,0,0,0,0,0,0,0,0,0,0,0,0,0,0,0,0,0,0,0,0,0,0,0,0,0,0,0,0,0,1,0,0,0,0,0,0,0,0,0,0,0,0,0,0,0,0,0,0,0,0,0,0,0,0,0,0,0,0,0,0,0,0,0,0,0,0,0,0,0,0,0,0,0,0,0,0,0,0,0,0,0,0,0,0,0,0,0,0,0,0,0,0,0,0,0,0,0,0,0,0,0,0,0,0,0,0,0,0,0,0,0,0,0,0,0,0,0,0,0,0,1,0,0,0,0,0,0,0,0,0,0,0,0,0,0,0,0,0,0,0,0,0,0,0,0,0,0,0,0,0,0,0,0,0,0,0,0,0,0,0,0,0,0,0,0,0,0,0,0,0,1,0,0,0,0,0,0,0,0,0,0,0,0,0,0,0,0,0,0,0,0,0,0,0,0,0,0,0,0,0,0,0,0,0,0,0,0,0,0,0,0,0,0,0,0,0,0,0,0,0,0,0,0,0,0,0,0,0,0,0,0,0,0,0,0,0,0,0,0,0,0,0,0,0,0,0,1,0,0,0,0,0,0,0,0,0,0,0,0,0,0,0,0,0,0,0,0,0,0,0,0,0,0,0,0,0,0,1,0,0,0,0,0,0,0,0,0,0,0,0,0,0,0,0,0,0,0,0,0,0,0,0,0,0,0,0,0,0,0,0,0,0,0,0,0,0,0,0,0,0,0,0,0,0,0,0,0,0,0,0,0,0,0,0,0,0,0,0,0,0,0,0,0,0,0,0,0,0,0,0,0,0,0,0,0,0,0,0,0,0,0,0,0,0,0,0,0,0,0,0,0,0,0,0,0,0,0,0,0,0,0,0,0,0,0,0,0,0,0,0,0,0,0,0,0,0,0,1,0,0,0,0,0,0,0,0,3,0,0,0,0,0,0,0,0,0,0,0,0,0,0,0,0,0,0,0,0,0,0,0,0,0,0,0,0,0,0,0,0,0,0,0,0,0,0,0,0,0,0,0,0,0,0,0,0,0,0,0,0,0,0,0,0,0,0,0,0,0,0,0,0,0,0,0,0,0,0,0,0,0,0,0,0,0,0,0,0,0,0,0,0,0,0,0,0,0,0,0,0,0,0,0,0,0,0,0,0,0,0,0,0,0,0,0,0,0,0,0,0,0,0,0,0,0,0,0,0,0,0,0,0,0,0,0,0,0,0,0,0,0,0,0,0,0,0,0,0,0,0,0,0,0,0,0,0,0,0,0,0,0,0,0,0,0,0,0,0,0,0,0,0,0,0,0,0,0,0,0,0,0,0,0,0,0,0,0,0,0,0,0,0,0,0,0,1,0,0,0,0,0,0,0,0,0,0,0,0,0,0,0,0,0,0,0,0,0,0,0,0,0,0,0,0,0,0,0,0,0,0,0,0,0,0,0,0,0,0,0,0,0,0,0,0,0,0,0,0,0,0,0,0,0,0,0,0,0,0,0,0,0,0,0,0,0,0,0,0,0,0,0,0,0,0,0,0,0,0,0,0,1,0,0,1,0,0,0,0,0,0,0,0,0,0,0,0,0,0,0,0,0,0,0,0,0,0,0,0,0,0,0,0,0,0,0,0,0,0,0,0,0,0,0,0,0,0,0,0,0,0,0,0,0,0,0,0,0,0,0,0,0,0,0,0,0,0,0,0,0,0,0,0,0,0,0,0,0,0,0,0,0,0,0,0,0,0,0,0,0,0,0,0,0,0,0,0,0,0,0,0,0,0,0,0,0,0,0,0,0,0,0,0,0,0,0,0,0,0,0,0,0,0,0,0,0,0,0,0,0,0,0,0,0,0,0,0,0,0,0,0,0,0,0,0,0,0,0,0,0,0,0,0,0,0,0,0,0,0,0,0,0,0,0,0,0,0,0,0,0,0,0,0,0,0,0,0,0,0,0,0,0,0,0,0,0,0,0,0,0,0,0,0,0,0,0,0,0,0,0,0,0,0,0,0,0,0,0,0,0,0,0,0,0,0,0,0,0,0,0,0,0,0,0,0,0,0,0,0,0,0,0,0,0,0,0,0,0,0,0,0,0,0,0,0,0,0,0,0,0,0,0,0,0,0,0,0,0,0,0,0,0,0,0,0,0,0,0,0,0,0,0,0,0,0,0,0,0,0,0,0,0,0,0,0,0,0,0,0,0,0,0,0,0,0,0,0,0,0,0,0,0,0,0,0,0,0,0,0,0,0,0,0,0,0,0,0,0,0,0,0,0,0,0,0,0,0,0,0,0,0,0,0,0,0,0,0,0,0,0,0,0,0,0,0,0,0,0,0,0,0,0,0,0,0,0,0,0,0,2,0,0,0,0,0,0,0,0,0,0,0,0,0,0,0,0,0,0,0,0,0,0,0,0,0,0,0,0,0,0,0,0,0,0,0,0,0,0,0,0,0,0,0,0,0,0,0,0,0,0,0,0,0,0,0,0,0,0,0,0,0,0,0,0,1,0,0,0,0,0,0,0,0,0,0,0,0,0,0,0,0,0,0,0,0,0,0,0,0,0,0,0,0,0,0,0,0,0,0,0,0,0,0,0,0,0,0,0,0,0,0,0,0,0,0,0,0,0,0,0,0,0,0,0,0,0,0,0,0,0,0,0,0,0,0,0,0,0,2,0,0,0,0,0,0,0,0,0,0,0,0,0,0,0,0,0,0,0,0,0,0,0,0,0,0,0,0,0,0,0,0,0,0,0,0,0,0,0,0,0,0,0,0,0,0,0,0,0,0,0,0,0,0,0,0,0,0,0,0,0,0,0,0,0,0,0,0,0,0,0,0,0,0,0,0,0,1,0,0,0,0,0,0,0,0,0,0,0,0,0,0,0,0,0,0,0,0,0,0,0,0,0,0,0,0,0,0,0,0,0,0,0,1,0,0,0,0,0,0,0,0,0,0,0,0,0,0,0,0,0,0,0,0,0,0,0,0,0,0,0,0,0,0,0,0,0,0,0,0,0,0,0,0,0,0,0,0,0,0,0,0,0,0,0,0,0,0,0,0,0,0,0,0,0,0,0,0,0,3,0,0,0,0,0,0,0,0,0,0,0,0,0,0,0,0,0,0,0,0,0,0,0,0,0,0,0,0,0,0,0,0,0,0,0,0,0,0,0,0,0,0,0,0,0,0,0,0,0,0,0,0,0,0,0,0,0,0,0,0,0,0,0,0,0,0,0,0,0,0,0,0,0,0,0,0,0,0,0,0,0,0,0,0,0,0,0,0,0,1,0,0,0,0,0,0,0,0,0,0,0,0,0,0,0,0,0,0,0,0,0,0,0,0,0,0,0,0,0,0,0,0,0,0,0,0,0,0,0,0,0,0,0,0,0,0,0,0,0,0,0,0,0,0,0,0,0,0,0,0,0,0,0,0,0,0,0,0,0,0,0,1,0,0,0,0,0,0,0,0,0,0,0,0,0,0,0,0,0,0,0,0,0,0,0,0,0,0,0,0,0,0,0,0,0,0,0,0,0,0,0,0,0,0,0,0,0,0,0,0,0,0,0,0,0,0,0,0,0,0,0,0,0,0,0,0,0,0,0,0,0,0,0,0,0,0,0,0,0,0,0,0,0,0,0,0,0,0,0,0,0,0,0,0,0,0,0,0,0,0,0,0,0,0,0,1,0,0,0,0,0,0,0,0,0,0,0,0,0,0,0,0,0,0,0,0,0,0,0,0,0,0,0,0,0,0,0,0,0,0,0,0,0,0,0,0,0,0,0,0,0,0,0,0,0,0,0,0,0,0,0,0,0,0,0,0,0,0,0,0,0,0,0,0,0,0,0,0,0,0,0,0,0,0,0,0,0,0,0,0,0,0,0,0,0,0,0,0,0,0,0,0,0,0,0,0,0,0,0,0,0,0,0,0,0,0,0,0,0,0,0,0,0,0,0,0,0,0,1,0,0,0,0,0,0,0,0,0,0,0,0,0,0,0,0,0,0,0,0,0,0,0,0,0,0,0,0,0,0,0,0,0,0,0,0,0,0,0,0,0,0,0,0,0,0,0,0,0,0,0,0,0,0,0,0,0,0,0,0,0,0,0,0,0,0,0,0,0,0,0,0,0,0,0,0,0,0,0,0,0,0,0,1,0,0,0,0,0,0,0,0,0,0,0,0,0,0,0,0,0,0,0,0,0,0,0,0,0,0,0,0,0,2,0,0,0,0,0,0,0,0,0,0,0,0,0,0,0,0,0,0,0,0,0,0,0,0,0,0,0,0,0,1,0,0,0,0,0,0,0,0,0,0,0,0,0,0,0,0,0,0,0,0,0,0,0,0,0,0,0,0,0,0,0,0,1,0,0,0,0,0,0,0,0,0,0,0,0,0,0,0,0,0,0,0,0,0,0,0,0,0,0,0,0,0,0,0,0,0,0,0,0,0,0,0,0,0,0,0,0,0,0,0,0,0,0,0,0,0,0,0,0,0,0,0,0,0,0,0,0,0,0,0,0,0,0,0,0,0,0,0,0,0,0,0,0,0,0,0,0,0,0,0,0,0,0,0,0,0,0,0,0,0,0,0,0,0,0,0,0,0,0,0,0,0,0,0,0,0,0,0,0,0,0,0,0,0,0,0,0,0,0,0,0,0,0,0,0,0,0,0,0,0,0,0,0,0,0,0,0,0,0,0,0,0,0,0,0,0,0,0,0,0,0,0,0,0,0,0,0,0,0,0,0,0,0,0,0,0,0,0,0,0,0,0,0,0,0,0,0,0,0,0,0,0,0,0,0,0,0,0,0,0,0,0,0,0,0,0,0,0,0,0,0,0,0,0,0,0,0,0,0,0,0,0,0,0,0,0,0,0,0,0,0,0,0,0,0,0,0,0,0,0,0,0,0,0,0,0,0,0,0,0,0,0,0,0,0,0,0,0,0,0,0,0,0,0,0,0,0,0,0,0,0,0,0,0,0,0,0,0,0,0,0,0,0,0,0,0,0,0,0,0,0,281
