xe,người,tai nạn,bị,vụ,khi,đường,xe máy,ra,sau,khiến,có,tông,được,đi,tài xế,hiện trường,theo,tử vong,huyện,là,bị thương,xe tải,làm,ngày,chạy,đâm,giao thông,xe khách,ô tô,bạn,tàu,chết,xuống,đầu,chở,xảy,tỉnh,tin,công an,tuổi,lao,quảng cáo,nạn nhân,xã,dân,biết,va chạm,cho,ý kiến,điều khiển,ôtô,gây,qua,đoạn,thông tin,ảnh,hướng,lên,đến,điều tra,lực lượng,lại,lưu thông,phải,xảy ra,lái,nguyên nhân,lật,đưa,cấp cứu,thanh niên,phía,số,chỗ,nằm,trước,báo,nhà,vượt,quốc lộ,khoảng,mang,chiều,quận,rơi,sáng,vụ việc,cảnh sát,dừng,hành khách,bên,nạn,bệnh viện,lái xe,gặp,biển,trên,văng,kéo,nhau,chức năng,phương tiện,hư hỏng,tiếp tục,mất,phần,thấy,tải,lúc,thời điểm,khách,máy bay,ban đầu,cầu,cao tốc,có mặt,thuộc,bé,khu vực,nhận,liên quan,gia đình,nam,tuyến,trú,xem,bạn đọc,gầm,đàn ông,nói,ngã,phường,xác định,khỏi,cứu hộ,thuyền,đường ray,thiệt mạng,tài trợ,đèo,sang,tốc độ,năm,hiện,cách,đường sắt,cứu,vực,cơ quan,điện thoại,kinh hoàng,phụ nữ,đuôi,xử lý,liên hoàn,xe ben,nơi,việc,nước,ga,cú,phanh,gái,tránh,bán,tàu hỏa,ngược chiều,điện tử,cháy,viết,gãy,về,sông,trực diện,quê,giường,mất tích,thêm,cán,cơ quan chức năng,thi thể,thương vong,toa,làn,chia sẻ,tháng,lấn,ruộng,trúng,đêm,chó,cuốn,vào,còn,bỏ chạy,vỡ,nổ,hàng,quan tâm,dải,phân cách,giao,ngoài,ẩu,đổ,biến dạng,di chuyển,bộ,danh từ,danh tính,sự kiện,mở,bình luận,đội,hố,đánh,trung tâm,ăn,tối,địa phương,phát hiện,tiếp,trạm,chân,lần,bay,tìm kiếm,thu,đại diện,chìm,con,tìm,khu,phố,sự cố,xuống đường,công tác,địa bàn,vợ chồng,sự việc,giờ,ngồi,húc,thành phố,tốc,chính thống,lấy,phòng,tên,đơn vị,kéo lê,hậu quả,nát bét,tiếng,tình trạng,sập,hàng đầu,khám nghiệm,nhập viện,thành viên,hành trình,trường hợp,thôn,chấn thương,dẫn,địa phận,cho biết,ghi,ngụ,bồn,em,lốp,hất,clip,thị xã,giữ,nhân chứng,bimbi,chuyên mục,đa khoa,gửi,sà lan,xuất hiện,lề đường,phí,nuôi,đọc,độ cao,tới,vợ,bài,đèn đỏ,chịu,tử thần,vị trí,browser,does,not,support,chiến sĩ,xã hội,đất,chuyển,trước khi,kiếm,câu,chủ,giúp,điện,nhập,công ty,mưa,trưa,đá,thông,điều,nhóm,khóc,điểm,mẹ con,băng,nghiêng,hiện tại,hoa,vùng,ngã tư,phối hợp,vn,đối đầu,quốc gia,ngủ,kể,biên tập,xe con,thời gian,cabin,dùng,doanh nghiệp,mắc kẹt,kiểm soát,đường cao tốc,trời,phân luồng,phụ,chủ đề,điều trị,hỗ trợ,góp ý,sự,xe đạp,sau đó,gồm,ban,phạm,thị trấn,dân trí,khắc phục,mạng,trật,quyết định,nhân viên,cai,quay,đứng,trụ,thoát,du lịch,net,vỉa hè,lãnh đạo,bác sĩ,ngược,số lượng,cán bộ,lùi,xây dựng,kiểm tra,trở thành,cố,cảnh,rụi,tiến hành,khí,màu,chủ tịch,named,her,new,in,tiêu điểm,nữ,ngành,mặt,hôm,cửa,quan điểm,bảng,sinh,vòng,bị cáo,bệnh nhân,trường,hình ảnh,sống,cẩu,điều tiết,tổ chức,áp đảo,xếp hạng,đến là,khóa,chồng,trong lúc,chui,hoảng loạn,tham gia,đặt,sử dụng,theo dõi,phóng,bánh,ghe,hồ,chết người,tuyến đường,xác nhận,bốc cháy,hoạt động,đường bộ,giấy phép,ùn tắc,dấu,sát hại,cô gái,quán,kẹt,quan sát,túi,chỉ đạo,tổ,qua đường,nghe,thứ,máy,du khách,học sinh,nhân,tưởng,nỗi,lúc này,núi,hàng loạt,thiết kế,bê tông,xin,rước dâu,sức,sở,nhiệm vụ,tình huống,tập trung,chờ,cua,cần,xe buýt,thương tâm,nữ sinh,tay lái,mua,đấu,mặt đường,hôm nay,đảo,phương án,bắt buộc,đoàn,rẽ,hết,bị nạn,vi phạm,huy động,sân bay,người thân,liên hệ,quản lý,thế giới,bữa,vương,đình chỉ vì,câu nói,bất hảo,thành,cho hay,chắn,hãng,xung quanh,làm việc,lợi,dập,dốc,bẹp dúm,giải cứu,gấp,địa điểm,ra vào,điển hình,đề kháng,ipad,thoái,gọi,quy định,cắt,làm chủ,thực hiện,chiều nay,cạnh,lửa,bò,cát,tìm thấy,kính,độ,yêu cầu,đối tượng,thảm khốc,khởi tố,mẹ,tay,khai,bắt,trai,thời kì,phạm pháp,lén lút,mang lại,cột điện,bảo mật,trao đổi,phi công,trưởng,thiệt hại,hành vi,cà phê,loại,vết thương,không quân,phó chủ tịch,bờ,nhảy,camera,chuyến,nhìn,bảo vệ,tăng,leo,đèn,thích,trượt,đứt,bốc,thùng,hệ thống,kéo dài,mong,còn lại,nghi,lời,truy đuổi,diễn,phá,số hiệu,đường tránh,kéo theo,đi vào,giá,dựa,rời khỏi,cho rằng,mức,giám đốc,con trai,sống sót,ngủ gật,giữa,đỗ,tung,bản,nguồn,bảo hiểm,cây,trật bánh,y tế,nhận định,trung tá,mảnh vỡ,văn,độc giả,cảnh báo,mong muốn,khẳng định,nắng,con gái,sửa chữa,nhà xe,rạng sáng,nội dung,bang,công trình,cầm lái,cục,tường,quân sự,đè,cung cấp,giải trí,nghiên cứu,bung,kỹ thuật,trụ sở,cá nhân,cơn,não,chính quyền,gốc,cấm,chết đuối,cầu vượt,hy sinh,xế,tầm nhìn,thông qua,cố gắng,trải nghiệm,trái,phong tỏa,con tàu,ghi nhận,vui lòng,đánh giá,dòng,chứng kiến,va,tử nạn,đậu,cố tình,trách nhiệm,tài khoản,đuổi theo,gác,lưu,lật nhào,ách tắc,sóng,bánh xe,đăng,thi,dự kiến,giải,tim,bỏ,sọ,bên trong,lật úp,an ninh,lời khai,vụ án,tấn công,saogửi,tiêu đề,cho là,kêu cứu,huấn luyện,mô tô,hoá,tiêu chí,giao diện,giảm,toàn cảnh,thông báo,vấn đề,bắt đầu,tin tức,sắt,chắn ngang,dính,đẩy,gió,xe hơi,quá trình,xoay,người ở,rào chắn,trọng thương,giải quyết,tranh cãi,rời,dân sinh,nhà chức trách,giao lộ,đề xuất,dây,tổng biên tập,bản quyền,quân đội,khả năng,xác minh,khói,móp,đăng tải,vận tải,thăm hỏi,ngõ,ôm,trong khi,chú rể,hầm,mũ,người nhà,thuyền viên,biển báo,tác giả,nuốt,tín hiệu,đáng,hóa,trung đoàn,luật,lao động,thời tiết,cấp,lớp,bật,công bố,thăm dò,lề,lượt,không ai,nhằm,tiền,phát hành,báo cáo,công nhân,đập,lan can,cột,cổng,khủng bố,đầu tư,phim,hướng dẫn,chú ý,ghế,thượng tá,phẫu thuật,dân cư,học,hành động,phạt,thuốc,công viên,thân,gõ,lan,chơi,tài,chuyện,ùn,bắc,báo công an,dành,tuần,phiên,tội,ngư dân,lật ngửa,tiến,trở lại,cửa hàng,khúc cua,vùng biển,thời sự,vành đai,hông,làng,la hét,khám phá,hộ,đường dẫn,vệ,vận tốc,đại tá,trẻ em,tiếp cận,sốc,xóm,uống,ép,viện,bước đầu,bỏ trốn,bồi thường,bão,nhờ,lìa,de,thử nghiệm,chấp hành,lăn,nhìn thấy,thảm,trộm,say rượu,địa chỉ,tàu hoả,đảm bảo,khung,cất cánh,diễn đàn,hồi,xử phạt,trung ương,công nghiệp,phản ánh,cứu thương,chính phủ,khẩn trương,kênh,vượt qua,chọn,con đường,cá,khoảng cách,giám định,xử,sáng ngày,dắt,trả,kết luận,đa,đề nghị,đầu tàu,lòng,bơi,hiệu lệnh,kết quả,nguồn tin,quân chủng,đưa tin,chặn,ảnh hưởng,ấp,đầu máy,thiêu,dự,nghi vấn,hỏi,hạn chế,lập,tê liệt,đón,động viên,phục vụ,điểm mù,bắt giữ,hiệu,tòa,kinh nghiệm,mở cửa,xuất bản,nước ngoài,cho phép,đôi nam nữ,dựng,bản thân,tòa soạn,tạt,trưởng phòng,sản xuất,đưa ra,tăng tốc,dám,tiếp nhận,giúp đỡ,nhấn chìm,giật mình,dạng,hộp,cột mốc,trơn,ven,hỏa,tiếng động,thiết bị,miền,gỗ,nuốt chửng,đăng kiểm,diễn biến,thiếu tá,máu,show,tầng,thoát nạn,đối diện,thủ đô,tử,bố,bộ phận,thương tích,ngoài khơi,kẹt cứng,chuyên gia,lối,vật liệu,lễ hội,hoảng sợ,cuộc,trận,đạp,quốc tế,sáng sớm,nghĩ,để,cuối,đúng lúc,em bé,phát,trộn,thứ trưởng,cơ thể,rừng,mặc,khoa học,đánh cá,kỳ,xem xét,bia,đi qua,rơ moóc,ví dụ,chạy theo,vết,đường dây nóng,tính,bảo,xa lộ,hiện nay,ma túy,video,miền trung,ví như,thắng,sân,xước,muốn,facebook,nhận xét,truyền thông,người thương,mương,sơn,biên bản,chữa cháy,khống chế,lộn,cập nhật,về quê,lỗi,xây,rơ,chiếu,thuê,vớt,ngực,đại lộ,trôi,tất,quãng,thứ năm,thả,áp thấp,úy,đu quay,phần mềm,cô dâu,tổng công ty,cánh,cùng lúc,thể thao,xương,định,gian,chuẩn bị,ngọn lửa,thượng tướng,cửa kính,công nghệ,lượng,liên lạc,triển khai,xi măng,kiểu,nút,nửa đêm,đâm chết,huyện hàm,tính mạng,tạo,dự án,đến ngày,đồng ý,ý định,bao gồm,cầm,hoàn tất,bể,lý do,xuất,biện pháp,tuần tra,thuộc địa phận,pha,gục,chợ,vách,đô thị,dầu,vi,giải phóng,nhầm,ngã ba,vật dụng,dao,cướp,nhãn hiệu,dương vật,báo tin,xây xát,sơ cứu,cửa sổ,bụng,vận hành,cây xăng,lạng lách,dưới,nhịp,vé,hiếu,giam,kinh doanh,thuyền trưởng,lặn,lọt,đóng,thứ bảy,máy xúc,nâng,tham mưu,vận chuyển,sụt,ca,trực thăng,ngang nhiên,nỗ lực,âm nhạc,công dân,quyết tâm,lũ,đáy,trùm,môi trường,hội đồng,xổ số,khoảnh khắc,góc,sợ,quốc phòng,bên cạnh,hợp tác,and,trật tự,sedan,hình sự,một phen,tài chính,ngùn ngụt,ôtô con,đưa vào,sỹ,động,thay,hay,đua,nghiệp vụ,hư hại,lý,chủ nhật,gắn,vàng,trở về,tràn,cưng,khoang,biến,barie,hôm qua,hành chính,tạp hóa,nhấn,con nhỏ,cơ động,luật sư,xin lỗi,hành,mũi,vườn,trồng,bãi,trẻ,áo phao,cảng,sinh sống,quay lại,chia buồn,cha,hạ,khuất,thừa nhận,xong,phản ứng,cồn,lưới,hồ sơ,bất chấp,găm,dăm,giám sát,chảy,xác,tỉnh lộ,hôn mê,nhựa,chính trị,bấm,thợ lặn,sườn,câu chuyện,tin cậy,hình thức,thống kê,lên đường,gõ cửa,điều động,thảm sát,phản kháng,nắp,gian lận,khẩn cấp,của ông,tiêu diệt,chuyên án,chảo,hoành hành,trò chơi,cùng với,lo,té,va quệt,vệt,vongtìm,lan truyền,cười,thử,cộng đồng,thể,nháy,chiến,bài học,trích,bắn,cử,dậy,chốt,động cơ,lạc,bẻ lái,chức trách,giải pháp,hàng không,ray,vương vãi,phép,quan hệ,nối,chống,biểu hiện,ứng cứu,bộ trưởng,đồng hồ,bàn giao,cảm thấy,dồn,hoảng hốt,xăng,tài sản,thiếu,hàng xóm,container,tìm hiểu,ca bin,bom,đường phố,người nhái,phải đường,giai đoạn,quốc tịch,lộ,thông điệp,trâu,lính,phó chủ nhiệm,tổng cục,chừng,quả,vò,trục,phó thủ tướng,tiếp tay,thanh tra,chi cục,cơi,sắn,quá khổ,lực,đậy,lăng,bạt,trục vớt,trang bị,dấu vết,điều kiện,đường làng,trở,bàn,xi nhan,gương,báo chí,nóc,triệu tập,khối,chuyển hướng,giật,công,thu hút,nguy kịch,dấu hiệu,người lớn,khai thác,anh em,vật,truy tìm,nhắc,xét xử,chi phí,chứa,bế,xuất phát,hạn,kiểm định,cụ bà,rượu,phân,hành lý,tải trọng,tư vấn,kinh tế,tự chế,thương,qua lại,xe gắn máy,hốt hoảng,công việc,buổi,khoa,giết,hô hoán,trùng,dịch vụ,đổ nát,lợn,đông lạnh,buộc,đội trưởng,nghe tiếng,hiện tượng,núi lửa,thi công,khó khăn,tóe,cắt ngang,đất liền,nhiệt đới,tổng cộng,thiếu úy,thủy điện,ăn vạ,nêu,trang,cỡ,hội nghị,bếp,hải quân,chuồng,một cách,trung đoàn trưởng,quê quán,mở rộng,thoát thân,tổng số,sư đoàn,thắt,suối,bẹp,cài,bổ sung,phóng viên,không phải,lo lắng,hiểu,liều lĩnh,đe dọa,kế hoạch,thực quyền,phân tích,con nuôi,tan tầm,cho đến,mẫu,phản hồi,xe lửa,cổ phần,giấy,đi thẳng,phó giám đốc,một chiều,cứu chữa,nhớ,phổ biến,thân nhân,nội địa,chủ nhân,lễ,rằm,trọng tải,sa mạc,tình hình,công vụ,qua cầu,so với,chỉ trích,quanh,hòa,nên,ngất xỉu,ngôn ngữ,quy hoạch,thủ tướng,cảm giác,mỏ,muối,may,bám,chỉ có,quán cơm,thành công,phóng xe,trèo,ngang,cao điểm,loạng choạng,ngôi nhà,trong,giết người,xe cơ giới,năm ngoái,đồng tình,súng,định vị,đồ đạc,gào,thứ ba,xăng dầu,kết thúc,chiến đấu,đồng chí,bất thành,dập tắt,bước,tàu điện ngầm,heo,đại học,hàm,tàu thuyền,thủy thủ,xoáy,tuyên bố,quật,cực mạnh,thăm,căn cứ,nhân dân,thùng xe,miền bắc,áp giải,thiếu nữ,rượu bia,nam sinh,tổng,xe lu,cửa ngõ,chỗ ở,chống va,tọa,nông dân,cao,vongthứ,tai,giáp,tí,sụt lún,tạo thành,đời,chủ nhiệm,đồi,từ đường,khe,cửa xe,nước mắt,tầm,kết,hội,văn bản,dân sự,khuyến cáo,quân khu,tinh thần,đeo,miệng,thành ủy,thường trực,bảo an,mắt,bus,xếp hàng,chuyên đề,for,of,bình chọn,con số,trốn,tài liệu,bình,đòi,tắc nghẽn,an,đất nước,vào cuộc,đám cháy,đám đông,thảm họa,rồ,quét,vườn hoa,vào khoảng,tối ngày,kể trên,đăng ký,thực tế,còi,bến,họ hàng,cháu,sở hữu,thót,chuyên trách,thu thập,gặp phải,moóc,có một,cơ sở,ném,chao đảo,thách thức,nghề,giao thông qua,da,phát triển,nhiên liệu,khúc,chế tạo,rụng,cục bộ,thánh đường,kiến trúc,tuyển sinh,y học,mốt,trình diễn,thời trang,hiện bộ,xe kéo,app,tra của,chiều qua,đầu vào,cảnh tượng,vị,tiên lượng,yêu,hạt,mặt đất,qua đời,kể lại,xịt,nguy cơ,tết,nối đuôi,trực,tù,chiều tối,cổ,nồng độ,phá án,đấu tranh,trở lên,bảo trợ,thanh,tử thi,dữ liệu,chặn đầu,báo hiệu,truy,lách,cày,đi theo,lệnh,giải mã,xuống nước,giải thích,cơ,bên ngoài,pháp luật,vợ con,phong toả,bạn bè,phát ngôn,trại,tiệm,giới chức,suy yếu,vốn,thai,né tránh,bên dưới,tốt nghiệp,thoát hiểm,trung chuyển,vây,phi hành đoàn,danh sách,môtô,bóp,báo động,tài công,dừa,trang trí,cột đèn,đi ở,xuống dốc,nữ trang,thượng lương,lục súc,chữa trị,cháy đen,méo,tô màu,cạy,hay không,thao tác,chiến dịch,kêu gọi,nhắc nhở,sản phẩm,hiện diện,tập,đúng giờ,màn,chắc,lúc đó,đoán,đèn pha,thể hiện,thư điện tử,tính năng,thứ tư,họa,hoàn thành,hy hữu,tứ tung,nghe thấy,bao trùm,chèn,mùa,đành,tin tưởng,tỏa,nhánh,chăn,cản trở,sinh đôi,đường thủy,đứng dậy,ước tính,tranh luận,bố mẹ,trị giá,thi hành,đến nay,xuyên,hưu trí,đuổi,ăn uống,nổ tung,cần cẩu,lối đi,chất lượng,hại,chăm sóc,kiến nghị,khám,mật,toà,cải tạo,nền,tượng,cánh tay,anh,tham quan,minh họa,xe tay,thứ sáu,liên xã,đời sống,trả lời,hậu quả là,chảy máu,sĩ quan,đường cong,tổn thương,quý,khâu,tổng thống,gửi lời,nhận thấy,thẩm quyền,hình thành,lắp,truy cập,trực tiếp,đi chợ,kêu,có người,rút,bổ nhiệm,cục phó,thắp hương,nhà vợ,diệt cỏ,bks,lôi,trình diện,anh vũ,tô,cản,nhà ở,phòng không,rà soát,hiện có,sửa,bệnh,cụ,tam giác,thần,đắm,ngừng,đợt,sách,mặt nước,hổ,vồ,lún,chờ đợi,đón dâu,loay hoay,đông,phiến quân,hoàng gia,mời,tắm,thuộc địa bàn,bí thư,vang,bầu,la,căn nhà,tỉnh ủy,kẻ trộm,mì,lăn bánh,quật ngã,vũ khí,phương tây,đài truyền hình,đỉnh,hung thần,so,ước mơ,sói,chiều dài,tăng cường,móc,cột sống,xé,sàn,hợp,di dời,thương mại,lắc,mức độ,anh tuấn,nhường,cắm,quần áo,vào cầu,biển số,xe ôm,th,để trống,tỏ ra,gỡ,xé toạc,tối qua,null,xe du lịch,chần chừ,giữ lại,đi sau,tỉnh giấc,bực bội,đi lại,xí nghiệp,dự đoán,không hề,linh cữu,địa hình,ngoài cùng,hiệu quả,gần đến,sạt lở,vong,cải thiện,bóng đá,chung kết,hatchback,thèm,đồng nghiệp,xuyến,khủng khiếp,ruộng lúa,bắt được,khỏe,tổng hợp,ánh,thừa,tay chân,đoạn giao,xách,chóng mặt,cộng,cuộn,phẫn nộ,nhắn,sông đà,đụng,đồng,toàn quốc,chó săn,đường kính,biker,phát biểu,cô bé,ngủ quên,sóng thần,mổ,đập vỡ,cáo trạng,hạ cánh,sắt vụn,loang lổ,đốt,xương sườn,thương hiệu,tiêu chuẩn,chém,đứng ra,trạng thái,can,đống,giấy tờ,vứt,gạch,rung,nhiệt,sức khỏe,đi kèm,quyền,phạm tội,điều chỉnh,đem,tuyên phạt,nấm,cáp treo,ngưỡng mộ,không khỏi,phiên bản,xách tay,hội tụ,truyền thống,tây bắc,tác động,lên cao,xe cộ,cha mẹ,chỗ ngồi,đã qua,bùn,kèm theo,đến giờ,dịp,hậu sự,cãi,tụ,xoang,kenh,vòi rồng,ngăn cản,án,chung thân,công trường,thời,luật hình sự,điểm nóng,bùng,mối,túi xách,hồi sức,nghĩa trang,bày tỏ,hình,cung,khuyết tật,chặt,tình,chiếu sáng,chạy lại,ý thức,ở lại,thiên tai,xuất viện,sắp xếp,thắc mắc,chính sách,trước mắt,dép,kiểm,nát vụn,trưởng ban,ngày sau,tóm,cố ý,đường dài,ngày đêm,hàng hải,mệnh danh,chỉ huy,tích tắc,mô tả,văn phòng,máy điện,phi cơ,rãnh,đất đá,mưa bão,hồi giáo,khu nhà,dán,thái độ,bạc,nhà xác,thuốc lá,phi,chai,liên bang,phụ huynh,anh linh,che,coi,nguoi,thoát khỏi,bất bình,minh bạch,nghĩa vụ,ngáo,tay trái,cụ ông,quán ăn,nói chuyện,vướng,ngăn chặn,rút ngắn,sinh mạng,nhà nước,hoàn,khắc,dân tộc,kinh,tuân thủ,của công an,tuột,rau muống,vui chơi,chủ động,bên kia,đập cửa,tô hiệu,capô,thủ,chấm,chụp,mục đích,trang chủ,người đẹp,đánh dấu,lịch sử,nửa,bỏ lỡ,mực,cố thủ,nông nghiệp,mui,rơmoóc,cơm,buồng lái,chèo,xe nôi,quốc,giáp ranh,bàn ghế,nước đá,phân khối,gãy cầu,hoạn,khán giả,đạo cụ,xoài,lưỡng cư,duck,mé,phù hiệu,nhà hàng,xe cứu hỏa,bơm,khai báo,howo,viện kiểm sát,ngó,luận tội,nội thất,gia chủ,lát,vạch,giảm tốc,gom,cậu bé,trơ,lang,cư dân,nội bộ,mét,dataimages,normal,rầm,đi đường,sao cho,khởi động,không trung,tiếng kêu,xe tang,xà beng,phản bác,trị sự,hà nội điện thoại,phó tổng biên tập,sửa đổi,số đông,chi tiết,sao chép,căn nguyên,hy vọng,giả thuyết,làm người,việc làm,dưới đây,thương tổn,hàm ếch,đường vành đai,xu hướng,giảm thiểu,vật thể,hành tinh,phát sóng,trải qua,tiệc,bán kính,liếc,hàng rào,thu gom,cánh cửa,lai,mảnh,phổ thông,cần câu,bỏ mạng,ra hiệu,tứ,sửng sốt,bút,gián đoạn,con bé,hú vía,đê,đề,thì có,tâm,gara,tháo chạy,để ý,ben,cách xa,banh,bản đồ,dẫn đường,mất mát,cộng tác,cuộc họp,giới thiệu,đi bộ,lông,thứ hai,bền chặt,lưu ý,để không,cô,hút gió,cùng thời điểm,gia tăng,cạnh tranh,chữa,nhấn mạnh,vật nuôi,chênh vênh,xô xát,giữ nguyên,từ đó,uỷ ban,trải,lổm ngổm,tháo,phạm lỗi,chi trả,lý giải,nghiêm,như là,tuyệt nhiên,phát nổ,ng,rượt,nên người,dư luận,bóng,tây,hoãn,mừng,sức ép,đường tàu,ám ảnh,xô,nhiệt độ,trọng,hướng dẫn viên,trầy,hành nghề,phục,hưởng,đường cùng,dây chuyền,đùi,thị trường,cám ơn,động từ,mini,thu nhỏ,tôn giáo,hơi thở,nghỉ ngơi,chia,em gái,khách sạn,xôn xao,nhắn tin,mải,lưu lượng,vô,cơ hội,nam giới,đồng đội,khó thở,ban hành,làm ăn,đường đi,niệu đạo,bênh,cam kết,người bệnh,vừa phải,đông đảo,cự,nứt,dịch,sinh hoạt,nón,bọt,quên,ống,áp lực,tranh,phản xạ,share,sụp,lợp,tấn,cầu khiến,ngã nhào,tai họa,liệu,qua thì,thở,trước mặt,trục trặc,trò,khảo sát,kích thước,trọng lượng,hợp đồng,canh gác,vỏ,nói là,lỡ,không dám,từ đầu,địa,đường ngược,tập đoàn,đồ,dạy,vận động,nhà thuốc,tan,chạy trốn,rào,cân nhắc,từ ngày,giấu,khoan,trưng cầu,đình chỉ,trong vòng,đốt sống,hỏng,hàng ngày,thươngtìm,hiên,con heo,lưu hành,chệch,cô giáo,hội chẩn,tổng giám đốc,đường hoàng,rồng,bờ biển,bắt nguồn,tàu bè,cơn lốc,địa chấn,phun trào,thay đổi,thần kỳ,tắc,chánh văn phòng,xe máy điện,phà,taluy,ngoại tình,bẫy,vắt vẻo,cẳng chân,điện báo,tự sát,gặp gỡ,luống cuống,bãi bỏ,hôn nhân,cuốn trôi,cáo buộc,dự tính,cướp giật,bưu điện,nữ công nhân,trítìm,pháp y,lòng đường,lương,khởi hành,mượn,giáo viên,bè,chịu đựng,ban đêm,chet,tóc,tâm bão,công khai,dí,đấu thầu,đấu giá,tâm sự,khi ấy,lớn tiếng,phù hợp,hãm,lên bờ,luồn lách,đơn,nâng cấp,ra mắt,khách hàng,liên ngành,một lúc,con lươn,tỉnh táo,đồ chơi,đáng tiếc,là là,mặt cầu,gái này,chiến thuật,cứu trợ,nếu không,chấn,chòi,nhích,đồn,đầu cầu,nộp,dãy,cắp,bỏ đi,hòn đảo,lo ngại,dồn ép,duy trì,ngăn,quảng bá,kể từ,bao,hộp đen,tấp,bị can,đâm sầm,vượt mức,đằng sau,chi nhánh,thảm kịch,kinh hãi,thống nhất,dello,điều hành,đường ống,đánh đập,trở nên,phượt,phát ngôn viên,hãng tin,giông,nức nở,trung sĩ,đổi,lắp đặt,quai,giày,thép,đo,lấp,lộ trình,bà cụ,xà lan,né,lần mò,quần thảo,đèn điện,chỗtìm,dấy lên,nhấp,cây xanh,siêu đẳng,tháo dỡ,nặc mùi,hài cốt,gập,che khuất,mooc,buổi sáng,động năng,tác chiến,đến mức,qua sông,xòe,kiến trúc sư,sức mạnh,cà,đổi hướng,rớt,gang tấc,the,đồ họa,bà,mẹ chồng,nội,boat,barrier,mía,con rể,thượng úy,phá hủy,giá trị,quy,ăn tết,hội viên,thất thần,lĩnh,trước đây,chị em,duyên hải,chịu tội,tảng,ch,tuyên,định mệnh,tuyến đường sắt,truy tố,đợi,phun,đóng cửa,khoản,hộp sọ,tội danh,cơi nới,bật khóc,tùy,sương mù,phòng ngủ,vua,thốt,nhà tôi,khởi công,khôi phục,ương,bà nội,gờ,vongxe,nan,phút,kim loại,đi sát,gười,phần lớn,phá vỡ,không gian,khơi,quả là,tham khảo,sơ qua,đáng kể,thông số,rập rình,lái xe khách,chiếm,khiếp,khủng,nhận dạng,kỹ năng,co,thuong,khoét,ngoại giao,thành lập,bảo đảm,thichxeford,cống,lộm,nhộm,nhận diện,khuôn mặt,vệ sinh,hết ga,ức chế,tương,bắc ninh,vung vãi,chân trong,một lát,nhạc,rời mắt,sân khấu,chen,mẻ,quan ngại,khach,cham,cánh đồng,kèm,nằm viện,điên cuồng,bẹp rúm,vntin,tungthứ,lẩm nhẩm,bất động,đánh đề,hết cả,đề đóm,giỗ,mắng,lành,vịnh,feet,lệch,đếm,thân thể,chết chóc,lên án,ành,hạng,nối liền,tịch thu,tham,hỗn,trẻ con,nhẽ,kết nối,dọn,ấn tượng,làm bằng,trí,đắng,bầm dập,công suất,đồng bọn,chủ trì,cúng lễ,mang ra,dây xích,năm qua,gạo,đối phương,tụt,hoảng hồn,tuyên án,đốn,thẩm,tặng,mâu thuẫn,lùa,chấp nhận,ẩu đả,lồng,khớp,kỹ sư,vai,trông nom,gương mặt,khóc thét,chấn động,tà vẹt,thông suốt,vực thẳm,tiễn biệt,sang tên,chứng thực,chút nữa,hít,dinh dưỡng,giọng,rình rập,vắng mặt,tin sét đánh,nguy hiểm,đòi hỏi,phân phối,bất cẩn,đối thủ,đen đủi,có phải,ra lệnh,bê bết,đường nhựa,chứng nhận,tự thú,di tích,nho,lợi ích,tái tạo,vào vụ,năng lượng,auto,stop,đảm,tiêu hao,tích lũy,tiễn đưa,hình phạt,tiềm ẩn,gà,cỏ,nhấc,điện thoại di động,giường bệnh,gấp đôi,lòng sông,lặng,hoa hồng,phụ giúp,chứng cứ,đáng sợ,hạ bộ,xỉu,tim mạch,tạm trú,lồng ngực,vi phẫu,thống đốc,nhân ngã,sinh dục,đau buồn,xét nghiệm,lên cơn,đau ngực,nội tạng,thư,đuổi kịp,có con,nối lại,xúc động,sau này,phục hồi,cấu trúc,ổn định,chỉ định,năm mới,huyết mạch,sức khoẻ,thái dương,hồi phục,ngủ thiếp,bướm,hề hấn,phổi,quá mức,vai trò,tưới,mồng,chếtđường,họp mặt,chỉm,nghỉm,chống đối,dạt,lo sợ,công sở,mái,hút,nằm im,nổi lên,mai táng,quăng,đồ dùng,luận,thượng đỉnh,nứt toác,hài lòng,hoàn thiện,phải điều,vấn nạn,thay thế,đi đường vòng,bênh vực,tâm lí,ngổ ngáo,ai lại,khổ người,mộ,tốc độ chuẩn,thông tư,đường đôi,vượt quá,tổ tiên,đường băng,xuống cấp,trình,phê duyệt,choáng,nghiến,quốc tang,thẻ,mọi khi,hộ đê,chế độ,quẹt,cầu cứu,nhựa đường,xe cứu thương,tỷ,câu hỏi,còn nguyên,nghị định,mật độ,phân công,rơi vãi,cư trú,cố chủ tịch,nguyện,suốt đời,phấn đấu,sự nghiệp,cách ly,phó tổng giám đốc,sắt từ,vềtìm,bí ẩn,nghìn năm,truyền thuyết,ma,bốc hơi,ngày nay,chiến binh,đĩa,lốc,nhiễu loạn,điện từ,giành,hạm đội,tiếp theo,chống chọi,boong,thiên nhiên,hứng chịu,tàu chiến,thế nhưng,thám hiểm,sự thật,dò,sắt thép,quặng,truyền,nổi,rỗng,methane,hydrates,toàn cầu,lũ lượt,hay biết,bất tỉnh,không kích,quán tính,án mạng,binh sĩ,lục quân,dỡ,bao tải,khóc lóc,bố trí,tờ rơi,thị sát,dân thường,độc đạo,tòa án,dầu máy,lõm,giống như,công nương,nàng,thí nghiệm,kho,nghi ngờ,lũ quét,đáng ngờ,al,tờ,sơ suất,thuyết phục,năm nay,ngày trước,đề phòng,ý muốn,chị gái,bằng chứng,phần nào,không ngờ,bàn tán,tiếp diễn,áp sát,ập đến,bốt,giỏ,chuối,con mang,máy tay,nhớ lại,mang mang,tiết lộ,biến áp,thu dọn,đường được,huyện uỷ,tươm,truy hô,trú ngụ,thanh long,tiêu thụ,con em,ăn ở,đánh thức,ta luy,khi không,đập phá,gì mà,nhãn,đứng đầu,bóng tối,lợi nhuận,chồm,đặt chân,trường học,lênh láng,bùa chú,hàng hoá,dọa,thủng,xăm,đắp,niềm,đu,tiết,nam sinh viên,buổi chiều,rủ,xét,lấy cắp,nhớ đời,nổ máy,đi chơi,bảo dưỡng,trẻ tuổi,tên gọi,khai trương,xe điện,tổ trưởng,quàng,bật đèn,gieo,cấp trên,quần,hệ quả,máy cắt,mơ màng,biên phòng,gieo rắc,vô lý,đoán trước,có hạn,khánh thành,xuất trình,nát bươm,đại náo,nghỉ lễ,xả,dê,đến tháng,bất cập,tắt,sông nước,bàn tay,quận hai,tuyên truyền,chất nổ,ván,nông thôn,hoàn trả,thời đại,áp dụng,kinh phí,chướng ngại vật,hạng mục,phương thức,tương lai,ý nghĩa,biểu dương,máy húc,rùng mình,cứu giúp,hiệu lực,điên,đi cầu,trang thiết bị,ghế phụ,bù,hồ thủy,bằng,phân bón,nằm ngủ,điện máy,bà hoàng,công nhận,chỉnh,di sản,phương,chất,chống trả,chạm,chếttìm,giữa trời,đại,phê chuẩn,thai phụ,thu giữ,máy móc,xứ,cồng kềnh,mái hiên,trở tay,trách,đại uý,con chạy,mò,tá,vội vàng,chỉnh hình,hùng hổ,lê,bẻ,trạm trưởng,hẻm,tang lễ,nữ giới,lái xe tải,thẩm vấn,ngập,mắc,sượt,đường sá,cảm kích,ân nhân,hạ tầng,ngoặt,đường cao,tư nhân,ví,tuổi trẻ,liên kết,gót,nội thành,kiên quyết,thủy,anh em trai,nghỉ,hoa quả,đám tang,ngắm,xuồng,làm thuê,châu,lộhotline,tái định cư,đi ra,tren,khu phố,ưu tiên,rú,lịch trình,trong sáng,ra khơi,dự báo,đạt,môn,rạp,nhậu,bịt,vòng tròn,có giá,thịt,nồng,vùng trời,cùng thời gian,hoảng,cảng vụ,keo,trình báo,dẫn đầu,tách,lâm nạn,mất ngủ,bộ đội,dân quân,cứu hoả,mắc cạn,thí sinh,dáng,tuc,choán,túc trực,bê,con cái,thế chiến,tặc,trợ giúp,truyền hình,khởi,thông tấn,lên tiếng,nghẹn,phim trường,ra lòng,náo loạn,quét dọn,chuyển tải,mỡ,đền,thươngchủ,lá,xem lại,hè,mang tên,liều mạng,nhặt,nhà trai,dưa hấu,toàn thân,tán loạn,khuya,hệ,treo,phi hành,táng,âm,buồng,duong,nien,đôi khi,ngoại viện,chăm,neo,bề rộng,anh trai,lưng,trẻ nhỏ,cháu ngoại,bản án,﻿người,bạn,khi,ngày,nhà,sau,năm,số,trước,nước,tin,thông tin,Ngày,sự,trận,tháng,việc,xe,lần,em,Chủ tịch,lúc,Đêm,bài,dịch vụ,Sau,Công ty,mạng,cách,tài khoản,trang,tuổi,tuần,con,vn,Bạn,điểm,nội dung,hàng,gió,tiền,điện thoại,sản phẩm,Số,tên,phim,Điện thoại,điện tử,giá,Thông tin,điều,thứ,lượt,đầu,Nhân viên,nhau,cuộc,ảnh,máy,thế giới,bé,trách nhiệm,mẹ,Sở,dân,mật khẩu,phần,vòng,vụ,thời gian,loại,Tầng,Giấy phép,Thể Thao,iPhone,nơi,vấn đề,gia đình,vàng,tỉnh,nhạc,bảng,bên,phía,and,com,đường,Bộ,bộ,tiếng,giờ,bóng đá,chủ,trường,xã hội,by,khách hàng,hình ảnh,dòng,Báo,gái,thị trường,Hôm nay,giải,bàn,hóa,đội,Cổ phần,sự kiện,tay,sáng,thành viên,điện,nữ,chiến thắng,Tài khoản,de,mẫu,Khi,quận,of,Tốc độ,xe máy,Trung thu,hiện tại,công ty,hôm nay,Hoa hậu,sương,khả năng,the,kèo,Nhiệt độ,châu,Hoàng hôn,chương trình,khán giả,báo,đêm,thương mại,độ,dự án,hệ thống,màu,nguồn,tình trạng,hiện,thiết bị,nam,trường hợp,doanh nghiệp,bệnh,kết quả,chồng,tỷ lệ,cuối,vợ,nhóm,lỗi,Thứ,tin tức,hãng,máy tính,màn,phụ nữ,lời,văn,đội tuyển,hình,Mật khẩu,hiện nay,diễn viên,đồ,Đề tài,trên,Địa chỉ,Công an,công việc,chức năng,web,thành phố,quyền,chuyến,thanh niên,Tin tức,huyện,khóa,sự cố,mặt,mắt,Quảng cáo,site,tối,ý kiến,Việc,mùa,Tin,công nghệ,khu vực,tầng,kiểu,cuộc sống,quy định,kỳ,hiệu quả,tiêu đề,Luật sư,cộng đồng,Tổng thống,máy bay,cơ hội,Vui lòng,cổ phiếu,xã,sân,cầu thủ,cá nhân,thời điểm,cơ quan,phường,pháp luật,da,phiên bản,Ban,lãnh đạo,Em,nick,for,chất lượng,tính năng,ứng dụng,phố,đối thủ,Mẹ,ngành,mức,internet,truyền hình,đàn ông,chuyện,Cơ quan,Ngoại hạng,hình thức,đất,miền,lễ,thời trang,thể thao,vùng,Sáng,quốc gia,chân,câu,cảnh,trạng thái,chung cư,giao thông,Tháng chín,hoa,chuyên mục,lượng,dư luận,vai,Chủ nhật,kênh,báo chí,ấn tượng,khách,chỗ,cá,biển,vui lòng,with,ý nghĩa,truyền thông,phép,con trai,quà,Đơn vị,một cách,tàu,địa chỉ,diện,Tết,việc làm,phần mềm,cư dân,buổi,your,Quốc hội,Trung tâm,câu chuyện,chiều,khoảng,Thời gian,vị trí,áo,mã,posted,Khách hàng,bản,cổ tức,mb,đời,top,vô địch,chung kết,ban,tình yêu,sinh viên,hạnh phúc,chị em,Trung ương,nguyên nhân,box,văn bản,nhân viên,sách,online,Thương lượng,ô tô,trải nghiệm,đoạn,bệnh viện,kế hoạch,tim,sức khỏe,hoạt động,súng,sóng,trẻ,trụ sở,đá,trái,nhu cầu,sàn,net,thời tiết,không khí,ca sĩ,chữ,lịch,hành vi,kinh nghiệm,Thủ tướng,Giá,quá trình,trung tâm,ghế,ống kính,khoảnh khắc,Thành viên,bầu,Đại học,game,Trụ sở,lòng,phiên,thương hiệu,ngân hàng,tai nạn,món,đội bóng,dịp,forum,váy,hàng loạt,cầu,Thời trang,quảng cáo,công an,bản quyền,thư,công,dưới đây,dữ liệu,giá trị,ngôn ngữ,trẻ em,tài sản,Diễn đàn,khu,hà nội,tập,thế hệ,biểu tượng,giao diện,tốc độ,danh sách,hội,giai đoạn,link,hàng đầu,hợp đồng,đơn vị,tình,tính,lý do,luật sư,con gái,tương lai,âm nhạc,đám cưới,tết,cấp,file,nút,nước ngoài,Thể thao,chủ đề,ngôi sao,bước,nét,tài xế,dạng,hôm,clip,lời chúc,trung thu,Phòng,thí sinh,phong cách,lợi nhuận,nạn nhân,cơ thể,nhân,Văn phòng,giày,cạnh,cảm xúc,vụ việc,cha mẹ,Bài,quê,học sinh,bạn bè,on,phương tiện,diễn đàn,trời,cặp đôi,you,màn hình,Hình ảnh,ung thư,quan điểm,thẻ đỏ,thực phẩm,trực tuyến,âm thanh,cho rằng,cổ phần,khoa học,cán bộ,ban đầu,khoản,khúc,captcha,ca khúc,tỷ số,nghệ sĩ,bản,dây,dao,nguy cơ,gương mặt,phòng,Bệnh viện,bánh,trăng,công trình,máu,bác sĩ,Phiên bản,Liên kết,trình,tài năng,phí,hồi,bóng,niềm,đèn,iOS,tải,lực lượng,cơ,truyền thống,kỹ thuật,thai,show,mục tiêu,chất,câu hỏi,nghề,tài chính,máy ảnh,mặt hàng,luật,Khu vực,Chính phủ,góp ý,Nội dung,cổ,trang phục,tiền vệ,thời,Toà,trai,sông,vợ chồng,vật,vs,ngày trước,mỹ nhân,hồ,Tài chính,gỗ,Công nghệ,giới,free,người đẹp,cửa,anh em,thuế,con người,quán,hoàn cảnh,bạn đọc,של,thuốc,xảy ra,trưa,cung,đảo,Á hậu,or,Điều,thực tế,kinh tế,đất nước,mùi,mục đích,cơn,văn phòng,Tính năng,lệnh,vết,công cụ,Dịch vụ,blog,nửa,người thân,Chương trình,túi,nhan sắc,cô gái,hoá,đợt,nhân dân,tóc,lĩnh vực,địa phương,Hội,vụ án,Trận,tối ngày,dấu,chức,Sức khỏe,sự nghiệp,môn,trò chơi,dấu hiệu,phân,ngực,tổng số,đối tượng,xe tải,chuột,sân khấu,gốc,lưới,quốc tế,cập nhật,doanh nhân,trong vòng,vũ khí,chuyên gia,nhiệm vụ,xứ,tuổi Trẻ,tham khảo,Sự việc,thầy,dưới,động thái,quý,môi trường,sự việc,sau đó,vé,hệ,tổng,Quốc gia,yếu tố,Trường,tiêu chí,bán hàng,Kết quả,viettel,Chiều,sở,bang,chủ nhà,sức mạnh,chi tiết,Thứ,ôtô,người yêu,phương pháp,bản tin,chó,tình hình,cửa sổ,Chuyện,không gian,hôn nhân,môi,vẻ,đồng nghiệp,ca,thể loại,sitio,en,mỹ phẩm,bình,tình cảm,من,وردبرس,ánh,hướng,browser,that,kính,trước khi,quân sự,quan hệ,kho,tư cách,ma túy,Giám đốc,đồng chí,đồng hồ,nhân vật,Cô,Thế giới,zing,bản thân,điều kiện,ngôi nhà,cương vị,tủ,bụng,trò,xăng,khung,hậu quả,diện tích,tòa,thái độ,chữ ký,đại gia,công nghiệp,vặt,Bí thư,Tỉnh ủy,sữa,tai,Công việc,Danh mục,iPad,địa bàn,cảm giác,hành động,Ngôi sao,Cầu thủ,hot,bữa,Gia đình,Chứng khoán,án,Chủ đề,kỹ năng,hành trình,tác phẩm,điện ảnh,du,Hàng,gói,chính sách,cà phê,Tiền,Hải quân,Máy tính,support,danh mục,âm,Nhạc,und,Sự,sức,Nhà nước,Chi nhánh,thịt,cuộc thi,làng,cảng,gia,ngoại hình,Nữ,giấy,quần áo,Nhà,quân đội,chiến tranh,đồ chơi,đường phố,hòa,mạch,học trò,phút,trưởng,tình dục,hạn,bài hát,kết nối,tỷ phú,lịch sử,kiến thức,giáo viên,tuổi thơ,me,rác,căn hộ,bao,ma,Bộ trưởng,rừng,phụ kiện,ngoài,rượu,cược,yêu cầu,Sự thật,lũ,smartphone,Sàn,đại diện,Diễn viên,Đời,sản phẩm,công nương,vốn,nông dân,cây,is,from,sạc,cảnh sát,căn bệnh,Mức,Ô tô,Ứng dụng,mục,Biển,Lúc,đô thị,cảm hứng,Dưới đây,Ngoại giao,hiện trường,phim truyền hình,sau đây,quan,em bé,địa điểm,phế liệu,reserved,nàng,Truyền thông,an,cổng,mối,tập đoàn,quả,bến xe,hồ sơ,chợ,cha,laptop,Trường hợp,tính mạng,untuk,dan,situs,inch,quyền lợi,deine,bão,mây,cuộc đời,góc,lớp,giỏ,công tác,hồng,cú,tiền đạo,lối,about,quy hoạch,Thông báo,thuê bao,Tình trạng,cô nàng,thi thể,động cơ,đồng đội,rồng,cấp cao,Điểm,cụm,nhánh,thân hình,sau này,Trong lúc,số lượng,bên dưới,Tối,set,TIN,cúp,nghệ thuật,if,giải thưởng,Bạn,truyen,bố mẹ,cơ quan chức năng,bố,đại biểu,phụ huynh,tên tuổi,Tuổi,Chủ,người mẫu,Quốc tế,nửa đêm,đồng,cước,Thứ hai,chuẩn,trí tuệ,ảo,un,gratis,cơ sở,độc giả,thần tượng,sắc,Góp ý,Hiện,dengan,trước đây,ng,שלך,את,Hôm qua,Ban Chấp hành,râu,mưa,Thời tiết,ngày mai,nắng,nhu,hàng ngày,danh hiệu,trái tim,khớp,Giảm giá,hộ,Sản phẩm,Liên đoàn,download,Số lượng,hiệu,tiệm,lửa,cần đăng,sốc,nhà đất,mức độ,du khách,tranh,tín đồ,Giải pháp,Đại hội đồng,công sở,chuyên môn,be,máy chủ,Đời sống,hiệp,giải pháp,xếp hạng,kỷ niệm,up,người lớn,anh chàng,Đăng ký,desktop,Phụ nữ,di,viện,Thời lượng,loạt,tin đồn,đầm,Tập đoàn,khách sạn,không khỏi,Chủ đề,nền,đám cháy,chuồng,Giáo dục,tu,vai trò,gay cấn,đồng minh,Báo chí,Ảnh,Pháp luật,view,chàng trai,id,thủ tục,cá tính,nỗi,Trưởng,thẻ,xác thực,thiệp,quần,Kèo,catalogs,et,des,Tổ chức,lễ hội,đuôi,kỹ sư,Quận,thành tích,đáng yêu,Máy,Quần áo,Quán ăn,hàng Tổng,thắng lợi,click,hàng không,hoăc,soan,xung quanh,dữ liệu,Xe máy,Bất động sản,công suất,chiến lược,Hoàng gia,Cuộc chiến,khách mời,Câu chuyện,đẳng cấp,tiệc,cùng với,aFamily,nhà ở,tổ,hotline,sai phạm,Lễ,đồ họa,Dự án,dược,giáo dục,bậc,tiện ích,tính năng,Danh sách,Thể Thao,trường phái,bóng chuyền,áp đảo,phong độ,xu hướng,uy tín,điều khoản,Sau đây,style,domain,ý tưởng,tài tử,mèo,vi,Quang từ trần,Xuất bản,động,giác mạc,nền tảng,giám đốc,Ví dụ,gia súc,giá thú,giếng,tên gọi,thảm,xe đạp,bài tập,nước hoa,lầu,thượng đỉnh,thói quen,tầm,ko,vua,media,nhà nước,y tế,Ý kiến,tỷ,câu nói,business,hành chính,catwalk,Phim,Chuyên mục,Ca sĩ,giả mạo,policy,nhí,con số,Cạnh tranh,die,Thông tấn,lướt,program,mỡ,nông nghiệp,nông thôn,nhiệm kỳ,Tiếng nói,Bản quyền,chuỗi,tế bào,Năm,thôn,học vấn,Quân đội,hạng,gà,nạn,Tác dụng,cơ địa,Đăng ký nhận,xe hơi,Khéo tay,Bệnh,giới tính,Xu hướng,tạp chí,chí minh,đất đai,quyết định,Nổi bật,ga,phóng viên,chàng,Thông báo,tổ hợp,menu,cài đặt,thông báo,nhà Báo,Sinh Viên,ext,lên ngôi,thuyết phục,chủ công,TUẦN,chiều cao,Diễn đàn,bản đồ,design,all,Vợ chồng,bí quyết,nội thất,Vợ,dàn,cụ,nước mắt,nội,Hội nghị,Cuộc sống,đường sắt,cánh,Quốc tang,Thời điểm,tuổi đời,tuyến,lợi ích,rắn,mầm non,Cô gái,Con,luk,kháo,năm học,Thị trường,tình huống,para,chùa,phần nào,lồng đèn,ví dụ,Nghi án,nữ sinh viên,Trung úy,Ngư dân,Tai nạn,văng,dây điện,bẫy chuột,cụ bà,tự tử,ngáo,cụ già,trọng thương,hợp hiến,tạng,đông đúc,về quê,từ vị,toan,nhiệt thành,đánh úp,chụp ảnh,mẹo,đạn,thao tác,hiển thị,táo,Cộng hoà,advertising,phiếu,live,di động,gạch,bất động sản,yang,giai điệu,phạt góc,lỗ,mail,في,موقعك,على,par,homepod,nữ sinh,nhiệt độ,Nhóm,nhiếp ảnh gia,cô bé,khuôn mặt,quỹ,siêu thị,lúa,lá,lợi thế,đấu trường,đội hình,thầy trò,have,có hạn,chế độ,xưa,giấy phép,Ung thư,tim mạch,Tiếng,tên lửa,phòng không,Lực lượng,Dòng,Khuyến học,Bên,Đội bóng,tinh thần,chú,hạng mục,phiên bản,chủ tịch,rằm,Cập nhật,phụ đề,sang Số,flash,đơn hàng,Tháng,triệu chứng,đại học,thân,pin,Thanh niên,Tên,dấu phẩy,hữu ích,trại,khó khăn,siêu sao,đà,trường học,quê hương,Chuyên mục,ý định,Đường,tài khoản,Hàng loạt,tỉ số,more,bao gồm,đỉnh,vietnamnet,raovat,hcm,Nguồn,sự thật,this,jQuery,fn,cuộc chiến,thẩm mỹ,miệng,ống,chi phí,thể,Tổng bí thư,comments,pháp lý,hôm qua,ký ức,mũi,Chồng,nghĩa,ca nhạc,Sự kiện,bài học,thông số,khoá,Nghiêm cấm,tính chất,dụng cụ,tội,Thực phẩm,chủ nghĩa,không ngừng,cặp,nhãn,đình đám,tỉnh thành,chủ nhân,chính phủ,Xã hội,gov,server,vóc dáng,Người đẹp,bãi,playlist,nhà cái,Quy trình,thầy cúng,votre,Gió,von,Thực phẩm,mùa thu,Cốc cốc,Cài đặt,nhấp,giọng hát,Bé,Phó chủ tịch,hội nghị,Lao động,giữa,hậu trường,sở thích,CÔNG TY,lợi,phạm,spa,bệnh nhân,thứ hai,Thế nhưng,Nạn nhân,truy cập,thời hạn,xe tăng,mặt nạ,tranh cãi,mô hình,đài,an ninh,đoàn,chỉ trích,thủ,tài,Liên hợp,Nhóm,Cậu bé,giọng,thắc mắc,Bóng đá,Giải,sửa lỗi,màu sắc,Cộng đồng,Tiêu đề,Giờ,phái đẹp,ráp,lão,Trong khi,học viên,Quảng cáo,khu phố,công viên,thoại,toán,just,audience,năng lực,khói,Tỷ giá,Khoa học,thần,khi không,Nơi,bom,Giấy Chứng nhận,Kinh doanh số,ông trùm,truyện,tuổi trẻ,Ghi nhớ,xóm,cậu bé,enable,upgrading,băng,danh,phái,thông cáo,sức khoẻ,cô giáo,Khả năng,hơn là,bên ngoài,thế kỷ,thiếu nhi,bếp,gu,vải,tiềm năng,hàng hiệu,tài liệu,bờ,phát sinh,dự đoán,động vật,đảng,Bố,Đầu,cỡ,bên cạnh,chủ nhật,chuông,el,los,khối,lô,Hôm,chính quyền,cơm,Đào tạo,một tay,Máy ảnh,Máy,love,dc,hàng xóm,Hiện nay,biện pháp,căn cứ,pháo,kích thước,còn lại,ghen,Hoa ngữ,khóa,code,any,Nữ ca sĩ,giống,Dân trí,lưỡi,cú pháp,tiêu chuẩn,trang chủ,nâng cấp,nhạc sĩ,topic,chứng khoán,עם,كوم,mit,der,ba mẹ,Đỉnh,Trẻ,thảo,mặt trời,núi,tốc,video,tỉ phú,trong,Lao Động Điện tử,Bóng đá,trọng tài,us,wish,Giao thông,cấu hình,thử thách,lao động,nợ,thị trấn,bàn tay,dịch,tôn,Cấp bậc,không phận,Không quân,thứ ba,xác chết,nhà hàng,thùng,cuộc đua,tân binh,phát ngôn,ứng viên,thất bại,Chính trị,khùng,sao,tác,thảm họa,Chánh Văn phòng,biên tập,can,Báo,Đội,Hệ thống,Tiến sĩ,mang tên,gối,phím,hộp,Quá trình,Trang,nám,Anh Vũ Công ty,tổ chức,Điện tử,dân gian,điệu,nghệ nhân,đèo,cuối tuần,nỗ lực,beautiful,are,store,photos,Đại sứ,Khu,hình sự,vương miện,nhận ra,ruột,lứa,màn ảnh,Học viện,việt,Hiện tại,phong,ngày nay,chặng,Công đoàn,pha,công của,sỹ,bộ phận,quanh,chiến dịch,mỹ,Thỏa thuận,bạn thân,song sinh,kiểng,sở hữu,kịch,Đại gia,lãi suất,Tổng Công ty,tiến độ,kinh,ngày sau,đạo diễn,Hướng,Mặt trời,our,phần lớn,quam,con em,sách vở,số liệu,rác thải,por,Tổng Bí thư,thiếu niên,đích,giấc,Viện,em gái,bác,rạp,cô dâu,búp bê,đội ngũ,Ví dụ,google,giới hạn,Cà phê,Kiến thức,lưng,Tên,trình tự,Nếu không,đàn em,lọ,Cách,kiến nghị,bộ máy,security,ability,themes,month,yearly,Sàn,Lịch sử,Báo giá,Khách,Mua hàng,Nội ngoại,chủ động,gia chủ,nam nữ,tội phạm,lái xe,Nữ diễn viên,bối cảnh,nguồn tin,tâm thần,áp lực,loài,Thời sự,nguyên thủ,Nước,Y tế,cổ đông,Hãng,không hề,cửa hàng,hiện thực,cafe,chủ trương,tư duy,dép,Chủ nghĩa,bất chấp,cử chỉ,Kinh nghiệm,Câu,nhà trọ,quy trình,Địa điểm,bản nhạc,tuyển tập,vnd,Thương mại,khuôn khổ,điền,bóng nước,nói gì,ưu đãi,tự do,dáng,vẻ ngoài,người nhà,ngày tết,vượt qua,Lượng,hy vọng,thị phần,rau,giá bán,Tòa soạn,khó hiểu,sút,please,language,trong mình,model,Mục đích,diễn biến,khẩu hiệu,vô tội vạ,tiểu đường,huyết áp,bắc,chính trị,hạt,chưa từng,biên giới,giường,nhà máy,con nhỏ,than,tập thể dục,nguyên liệu,trật tự,vỉa hè,thương vụ,Chân,danh thủ,nhịp,sai lầm,ke,series,tứ,bãi rác,kẻ thù,nhân sự,want,khốn đốn,phổi,sáng tạo,tuc,tùy,Từ khoá,Cộng đồng,đề từ,nguồn gốc,thon,chìa,nàng dâu,thê,lập công,đề cao,cân,văn hoá,facebook,gốc từ,sếp,biker,lề đường,thứ,gian hàng,winphone,way,unique,easy,new,re,news,ưu điểm,vật thể,tàu ngầm,đáy,thiên nhiên,trái cây,Kế hoạch,tr,điện từ,xe buýt,remake,thực lực,não,kiểm lâm,trùm,hỏa,lý trí,baomoi,vtc,tre,tinhte,ly,nhận định,em trai,tâm lý,Thông tin,xứ sở,trong khi,gợi ý,thị xã,mảng,bên trong,Khoảng,răng,chỉ số,chức quyền,dầu,cưng,hoa hồng,serum,nhựa,bộ đồ,bộ cánh,đế,xăng dầu,khác nhau,huyền thoại,so với,Số phận,yếu kém,con đường,chai,quy mô,Việc nhà giàu,con ở,phật tử,toà,tiểu học,nấm,đùi,Thủ đô,ones,keep,content,dân tộc,di sản,Miền,trội,Tỷ lệ,khủng,đậu nành,tiện nghi,tích tắc,jumping,lầm đường,lấn át,publicidad,Cộng sản,Ngoại trưởng,một lần,đại dương,đĩa,nhà chồng,Chỉ cần,chị em dâu,bình luận,Tạp chí,điện thoại di động,offline,Cuộc,chip,đúng lúc,hơn cả,Công cụ,chính tả,thư điện tử,thu nhập,bàn phím,ý muốn,modem,âm đầu,eng,phóng sự,đặc điểm,Phần,driver,phần cứng,cơ chế,đòn,hoạt hình,máy in,tích hợp,bia,giá cả,Quy chế,xóa,tắt,phạm vi,giấy tờ,ánh sáng,biểu cảm,Trình độ,quán quân,bát,nhóc,mẹ con,understand,years,works,take,has,as,it,seminoon,đơn,diễn xuất,mua hàng,mâm,doanh thu,tô,phà,Trước khi,kem,năm nay,hương,tính cách,nghĩa vụ,thức ăn,từ ngày,camera,hồn,khí,thú,Ngân hàng,Luật,bisnis,vứt bỏ,con buôn,bệnh nhi,ngọt ngào,Tài tử,danh hài,bikini,ngàm,mm,Bên cạnh,ngoại lệ,chu kỳ,ván,tỉ lệ,tags,tác dụng,nạp,Sau đó,cổ đại,mụn,cũng nên,nhà cửa,sản,Cảnh sát,bìa,hài hước,cưa,domaine,vous,gratuit,stockage,apple,für,moon,group,Hoàng tử,Nông nghiệp,lý tưởng,đại hội,Thành ủy,Chiều tối,products,mobile,floor,using,Vận tải,trâu,thềm,vest,uống thuốc,phòng ngủ,va chạm,xương,vi khuẩn,Trình độ,lực,binh sĩ,cáo buộc,Quốc phòng,quân,lãnh thổ,vùng biển,kịch tính,Chiến tranh,Vụ,hãng tin,thuyền trưởng,xe khách,vườn,toàn quốc,chuyên mục,món ăn,đèn kéo quân,phản cảm,loa,lương,thủ môn,lời lẽ,Huyền thoại,linh,kỷ luật,tâm điểm,Khoảnh khắc,con cái,Thông cáo,Tang lễ,Đèn,Con gái,ứng dụng,lần,nội địa,below,đời sống,Kiểm lâm,cơ động,trai gái,khuyến cáo,Công viên,trận,hàng rào,thủ phạm,tab,tổng đài,Thứ ba,Thứ tư,xuất xứ,khắp nơi,một đôi,khoa,dĩ,nh,Tập thể hình,thánh,gầy,chất liệu,muôn đời,thườn,chót,đôi bên,cát,bất tận,tip,đảm,Chiến thắng,chim,templates,automatically,ads,hành khách,thứ tư,cân nặng,từ trần,củ,sai,cũng như,tự lập,Mặt Trời,use,phát sốt,diện mạo,dơ,mạch máu,đội trưởng,tàng trữ,bán niên,congan,thanhnien,tienphong,dong,vật giá,kinh dị,nẵng,viet,nhac,dantri,luat,nien,bong da,ngan,han,thoi,tiet,hom,noi,gon,gio,dola,vnđ,Cháu,không ai,kinh phí,Hồ sơ,dcMegaMenu,slimScroll,Đại hội,lò,Từ ngày,Cảng hàng không,mực nước,triều cường,đầu từ,Vườn,dái tai,động mạch,tín hiệu,hiện tượng,móng tay,thay đổi,công nhân,nghiên cứu,ngăn,thấu,trẻ con,Tổng giám đốc,mâu thuẫn,súng hơi,bạo,cao tốc,đại lục,ngưỡng,giá thành,phổ thông,phân khối,khoảng cách,chiều nay,tiên,quốc,độc thân,nhắn tin,bất tiện,not,Bộ Tư pháp,hành,Hành trình,niên hạn,động từ,cho hay,sân bay,Thanh tra,out,idea,back,nhân loại,Tay,đề,Chủ tịch,tí hon,Lão bà,con trẻ,nhà trường,cỏ,Giá trị,Chẳng cần,hậu duệ,gấu,lạ kỳ,giây,bất cẩn,phải khi,phanh,nguy hại,phi tang,Nhìn thấy,hớt hải,ngái ngủ,công chức,thi tuyển,tính toán,vụ lợi,las,electrónico,correo,global,directo,công du,hợp nhất,xưởng,vị thế,quan chức,Giáo hội,Phật giáo,cục diện,tôm,Đầu tiên,Xe,đôi khi,không ngờ,cửa hiệu,ước mơ,quốc dân,đầu óc,anh,Cụ,vỏn vẹn,piano,trứ danh,gian,bắt được,bán kết,gậy,dSLR,cẩm nang,Xe đạp,Tiêu điểm,dấu ấn,chiếu,tương tác,hơi thở,hộp thư,vật lý,phép cộng,Lỗi,định dạng,trình độ,chỗ trống,từ ngữ,thơ,hổ,Phần mềm,wifi,thông dụng,thuốc lá,post,Yêu cầu,sinh lý,netizen,qua cầu,trước mắt,nắm giữ,ngôi vị,đồng tiền,cp,fan,thiết kế,lời khuyên,làn,Uỷ ban,mốc,Phó Chủ tịch,must,following,age,page,my,Hội đồng,đường bộ,lộ trình,need,play,presence,space,tools,per,audio,Phố,tuyển,hoạt,khuyến mại,phương châm,địa vị,mong đợi,share,more,Chó,cỗ,bưởi,thỏa thuận,ví,kim,ác,Tuần,đặc sản,nữ thần,sàn diễn,vỏ,tình cảnh,Cuộc đời,đề cử,ngoại thất,cá mập,người thợ,An ninh,Câu hỏi,soái,sức hút,sinh nhật,cho biết,hải quân,tường,hổ mang,liên kết,thuộc tính,cuộc họp,dài hạn,hài,tượng,Tác giả,bảo hiểm,Vật lý,thông tấn,Du lịch,triệu phú,komunitas,tiến bộ,ngắt,Bạn đọc,túi xách,ông xã,thập niên,nữ diễn viên,công văn,lịch trình,cải lương,lời nói,đơn sắc,ăn thịt,ra tay,bốc lửa,đưa ra,yếu đuối,combo,showbiz,tinh,cảnh tượng,sổ,Môi trường,Anh em,xe điện,máy lạnh,Tận hưởng,livestream,triển lãm,khi nào,máy móc,nguyên bản,năng lượng,Ngày nay,song ca,chấp,chỉ có,của tin,Trạng thái,Góc,huethangtu,ô nhục,sảng sảng,đốp chát,đùng,quyền mưu,chị gái,khỉ,emergency,naturally,y tá,lăng tẩm,có tình,tát,ngoại ô,biet,phai,số ít,đc,nội tiết,không sao,miếng,Dự đoán,rạng sáng,đối tác,nhát,Liên bang,תכונות,באמצעות,בחינם,האתר,דומיין,vô vàn,mộ,váy áo,họa,chỗ đứng,thủ quân,loại hình,lược,Quân chủng,giám khảo,Chi tiết,Điều kiện,vóc,bếp ga,thanh,hosts,une,le,personnalisé,publicités,eine,deiner,oder,chóng,niềm vui,family,trăng tròn,thương nhân,đăng tải,phòng chờ,ti,Đa chiều,sớm mai,Ngày mai,tổn thất,độ cao,cổ tích,mây,sâm,Mô hình,động lực,nhà vườn,địa,minh chứng,hậu vệ,tỏa,trợ lý,sân vận động,triều đại,experience,list,THÔNG TIN,đàn anh,trình làng,Đấu giá,linh kiện,xúc xích,xác,niệu đạo,sức sống,Nhận việc làm,MẸ,cụm từ,Nghị sĩ,at,tư thế,động đất,nhận xét,Trước,Quốc lộ,quốc lộ,sau,lời khen,đầu bảng,tử thần,ra quân,lịch lãm,Bộ đội,đường dây,nghi lễ,quốc tang,Thay mặt,Truyền hình,chia sẻ,hit,chuong,nhà chung,chương,Giọng,chức vụ,Quận ủy,thời kỳ,đường thủy,Trưởng phòng,bị can,above,khò khè,khán phòng,sáng ngày,Lợn,trường trung cấp,quê nhà,suất,trụ cột,Giả sử,Tiện ích,Lưu ý,zalo,tháp,đầu mùa,thành công,kẻ khác,learn,thủ đô,khởi đầu,đưa tin,chủ quản,users,add,phương thức,ưa thích,lân,thù,Hành động,hy hữu,ông lớn,chiến,perfect,images,which,ll,they,look,others,good,bản địa,bất ổn,thứ năm,sau lưng,biên đội,cây xanh,Tín hiệu,hoà,tối qua,đồng Loại,nhật thực,hoa quả,cáp,nấc,cẩm,tài phiệt,đố,vách,đã là,Mỹ nhân,tình nguyện viên,Sở Giao dịch,toàn,Văn nghệ,Cán bộ,tân sinh viên,facelift,con tim,đem về,sương mù,cuồng,châu lục,chủ chốt,cao thủ,khẩu,bí mật,Đường,cà rốt,khoai lang,cải bắp,cà tím,Đường sắt,Khí tượng,Thủy văn,nặng lãi,Cùng với,hệ lụy,miền Bắc,Hậu trường,sao băng,thứ tự,dầu thô,khuôn,nói lên,Lý do,quầng,mống mắt,biểu hiện,Trí thức,nhãn hiệu,vật chứng,hàng năm,thiên đường,cơn sốt,hông,thời thượng,cực phẩm,Thứ trưởng,Hiệp hội,dự báo,nữ trang,bồ nhí,mở cờ,gương sáng,nghị lực,đường lối,xe tay,giáo sư,Chuyên gia,nghịt,vôi,ồn ào,chốt,giáo khoa,nho,Mẫu,sedan,Tổng đài,chủ trì,chập,Cơ khí,Bến xe,nhà xưởng,bò,thác,đồn,ra lệnh,ve,shares,better,make,some,lopez,hạ tầng,không phải,hội thảo,hành lang,động tác,thợ săn,đường thẳng,cột,todo,contenido,ideas,como,seguridad,tema,videos,usuarios,gracias,una,mes,anualmente,Tuyên bố,Dân,tôn vinh,Phó Thủ tướng,vấn,vũ trang,đại sứ,một thời,kỷ,thời đại,Anh,quá khứ,dâu,dân tình,anh trai,duyên,lóng,duyên dáng,đến mức,đời thường,tự tại,mơ ước,nào đó,phản hồi,phương án,xu,ưu thế,cùng nhau,gmail,twitter,mô tô,đỉnh cao,ruồi,rùa,có sẵn,Truy kích,pháp,chỉnh,đống,nhạy bén,phải biết,gần đây,docx,word,đặc trưng,bài thơ,ngày Tết,lối sống,nhân văn,dấu câu,tâm tư,tấm gương,đa dạng,chúc tết,buổi tối,build,đối phương,bầu trời,cờ,sanh,Quy định,thank,vote,xổ số,hình phạt,chức danh,chữ cái,Chữ,kích cỡ,kèm theo,để lại,tập thể,shop,tang,chứng cứ,tối thiểu,scandal,Lần,Ngoài,trailer,giấy bồi,Phương pháp,crop,giống như,chậu,Tuyển dụng,Cơ hội,đoán trước,thế nhưng,trai trẻ,du lịch,chỉ cần,Mặt trận,bốc cháy,son,cử tri,thẩm quyền,tăng ni,làm theo,pages,find,actions,Thứ bảy,Thứ sáu,Thứ năm,tiêu cực,navigation,hosting,hundreds,documents,edit,update,device,connectivity,search,spam,debit,impression,minutes,hôm nay,Ngõ,dạ hội,định hướng,hình thể,đức tính,xin việc,cầu thang,Tổng công ty,lãi,Thử thách,tủ lạnh,gầm,quầy,bánh kẹo,nguyên tắc,ruộng,nước nhà,chốn,bị cáo,để không,cự,Tuần lễ,nhà trong,cờ rủ,nhật trình,Một cách,Tiền đạo,huy chương,cách thức,máy giặt,kéo,vBulletin,now,bờ biển,kỷ lục,thưởng thức,hội chứng,báo cáo,phương,thay,lễ tang,dải,trạm,Lĩnh vực,liệt,điều lệ,niêm phong,thảm kịch,mảnh,trong suốt,đe dọa,chuối,dự thảo,của ông,tham vọng,Doanh nghiệp,seo,kiến trúc,hành tinh,kami,dari,bulan,tahunan,fitur,vn,tư nhân,vao,giao dịch,Thần tượng,nữ ca sĩ,Đại diện,Á quân,cảnh báo,thiệt hại,Tin,ùn,hỗn loạn,đại chiến,bất phân,kế sách,trước Khi,bấy lâu nay,Khán giả,thớt,lăng xê,sắc đẹp,cột mốc,Viện trưởng,Bảo vệ,cuộc chơi,tầng hầm,Chung cư,thông,Tài nguyên,hoạn,Trước đây,tron,Tên gọi,hư hỏng,cho đến,cảm biến,tiêu cự,vùng đất,stress,ngày lễ,tình nhân,bước chân,giọt,mùa hè,nhạc cụ,cực mạnh,Nắng,Trăng,Hoa hồng,tiền của,lựa chọn,time,ký hiệu,số là,thẻ vàng,bàn Hoàn,lúc này,trở ngại,cùng bên,Phí,kí tự,như sau,midterm,trữ tình,mẹt,phe,bùn,thách thức,nói không,đây này,hàng hoá,hữu,kim loại,nghi,an sinh,Người mẫu,quay lại,keo,vật chất,sơ mi,sinh đôi,quy tắc,Viện kiểm sát,sư tử,đổ nát,Chi cục,Nhà máy,לאתר,שלנו,כלי,בניית,בעזרת,לקבל,ערכות,בקלות,תוכן,לחודש,שנתי,אישית,שטח,הסרת,ללא,תמיכה,shaming,Tinh gọn,seen,thân thiện,smart,Tự động,bánh bao,Biên phòng,nữ hoàng,áo khoác,trồi,Tân binh,kết hôn,bắp tay,nóc,cây cảnh,Chàng,trung vệ,đa phương,chống ẩm,gameshow,Việc làm,Tìm thấy,Ngành nghề,Việc làm,chấn thương,gam,phi công,nón,Kỹ thuật,Kỹ sư,dừa,Nghệ sĩ,đồ ăn,canh,Thế Giới,mẫu mã,bàn ghế,gốm,Chiều rộng,Ván,tạo hình,nam giới,mật,communauté,contenu,nous,est,aller,sécurité,marque,paiements,mois,annuelle,bài thuốc,Cha,cử nhân,echo,tờ báo,sáng chế,phong bì,vách ngăn,Cô bé,Nhân dịp,ông bà,kính chúc,future,reunions,happy,Phụ kiện,case,sim,đã qua,tra,Gió tây,Dòng,Ban chấp hành,cầu kì,trang trại,tiền mặt,doanh số,lương thực,đê,đạo luật
0,8,6,5,3,5,1,7,10,2,1,6,0,6,25,0,0,0,0,0,12,0,10,0,1,0,0,1,0,2,1,0,1,0,2,0,3,0,0,0,0,0,0,0,0,0,1,1,3,0,0,0,4,4,1,0,0,0,2,0,0,0,6,1,7,2,5,0,0,0,0,0,4,1,0,0,1,0,0,4,0,0,3,1,0,0,0,0,0,1,0,2,7,0,3,2,0,4,0,0,0,0,0,0,0,0,0,2,14,0,0,0,0,0,0,0,0,0,0,0,1,0,0,0,0,0,0,0,3,0,0,1,0,0,0,0,0,0,0,0,0,0,0,0,0,2,0,0,0,0,0,1,0,0,0,0,0,0,0,0,1,0,1,0,0,0,0,0,1,0,0,0,1,0,0,0,0,0,0,0,0,0,0,0,2,0,0,0,0,0,0,0,3,10,4,0,0,0,1,1,0,0,1,0,1,0,0,0,0,0,0,0,0,3,0,1,0,0,0,0,0,0,0,0,0,1,0,0,1,0,0,2,0,0,0,0,0,0,0,0,0,1,1,0,0,0,1,0,0,0,0,0,1,0,0,0,0,1,0,0,3,1,0,2,1,1,0,0,2,0,0,0,0,0,3,0,0,0,0,0,0,0,0,0,0,4,0,0,0,2,0,0,0,0,0,1,1,1,1,1,0,0,0,1,0,0,0,1,0,1,0,0,0,0,0,2,2,0,0,14,0,0,0,0,0,0,1,0,0,0,0,0,1,0,2,0,0,0,0,0,0,0,0,0,0,1,0,0,0,2,0,0,0,0,0,0,0,0,1,0,0,0,0,0,0,0,0,0,0,0,0,0,0,0,0,0,0,0,1,4,0,0,0,0,0,0,0,0,0,4,0,1,0,0,0,0,0,0,0,0,0,0,1,0,0,0,0,0,0,0,0,0,0,0,0,0,0,0,0,0,0,0,0,0,1,0,0,0,0,0,0,0,0,0,0,0,0,2,0,0,1,0,0,0,10,0,0,0,0,0,0,0,0,0,0,0,0,0,0,0,3,0,0,0,0,0,0,0,1,0,0,0,0,0,0,0,0,4,1,1,0,0,0,0,0,0,0,0,0,0,0,0,4,0,0,0,0,0,1,0,0,0,0,0,0,0,0,0,0,0,0,0,0,0,0,0,0,0,0,0,0,0,0,0,0,0,0,0,1,0,1,0,0,0,0,1,0,0,0,0,0,0,3,0,1,0,0,0,0,0,1,0,0,0,0,0,0,0,0,0,0,0,0,0,0,0,1,0,0,0,1,0,0,0,3,1,0,0,1,0,0,0,0,0,0,0,0,0,0,0,0,0,0,0,0,0,0,0,0,0,0,0,0,0,0,0,0,0,0,0,0,0,0,0,0,0,0,0,1,0,0,0,0,0,0,0,0,0,0,0,0,0,2,0,0,0,0,0,0,0,0,0,1,0,1,1,0,0,0,0,1,0,0,0,0,0,1,0,1,0,0,0,0,0,0,0,0,0,0,0,0,0,0,0,0,0,0,0,0,0,1,1,0,0,0,0,0,0,0,1,0,0,0,0,0,3,0,0,0,0,0,0,0,0,0,0,0,0,0,0,0,0,0,0,0,0,0,0,0,0,0,0,0,0,0,0,0,0,0,0,0,0,0,0,0,0,0,0,0,0,0,0,0,0,0,0,0,0,0,0,0,0,0,0,0,0,0,0,0,0,0,0,0,0,0,0,0,1,0,0,0,0,0,0,0,0,0,0,0,0,0,0,0,9,0,0,0,0,0,0,0,0,0,0,0,0,3,0,0,0,0,0,0,0,0,0,0,0,0,0,0,0,0,0,0,1,0,0,0,0,0,0,0,0,0,0,0,0,0,0,0,6,0,0,0,0,0,0,0,0,0,0,0,0,0,0,0,0,0,0,0,0,0,0,0,0,1,1,0,0,0,0,0,14,0,0,0,0,0,0,0,0,0,0,0,0,0,0,0,0,0,0,0,0,0,0,0,0,0,0,0,0,0,0,0,0,0,0,0,0,0,0,0,0,0,0,1,0,0,0,0,0,0,0,0,0,1,0,0,0,0,0,0,2,0,0,0,1,0,0,0,0,0,0,0,0,0,0,0,0,0,0,0,0,1,1,0,0,0,0,0,0,0,0,0,0,0,0,0,0,0,0,0,0,0,0,0,0,0,0,0,2,0,0,0,0,0,1,0,0,0,0,0,0,0,0,0,0,0,0,0,0,0,0,0,0,0,0,0,0,0,0,0,0,0,0,0,1,0,0,0,0,0,0,0,0,0,0,0,0,0,0,2,0,0,0,0,0,3,0,0,0,0,0,0,0,0,0,0,0,0,0,0,0,0,0,0,0,3,0,0,0,0,0,0,0,0,0,0,0,0,1,0,0,0,0,0,0,0,0,0,0,0,0,0,1,1,0,0,0,0,0,0,0,0,0,0,0,0,0,0,0,2,0,0,0,1,0,2,1,0,0,0,0,0,0,0,0,0,1,0,0,0,0,6,0,0,0,1,0,0,0,0,0,0,0,2,0,0,0,0,0,0,0,0,0,0,0,0,0,0,0,0,0,0,0,0,0,0,0,0,0,0,0,0,0,0,0,0,0,0,0,0,0,0,0,1,0,0,0,0,0,0,0,0,1,0,0,0,1,0,0,0,0,0,0,0,0,0,0,0,0,0,0,0,0,0,0,0,0,0,0,0,0,0,0,1,0,1,0,0,0,0,0,0,0,0,0,0,0,0,0,0,0,1,0,0,0,0,0,0,0,0,0,0,0,0,0,0,0,0,0,0,1,0,2,2,0,0,0,0,0,0,0,0,0,0,0,0,0,0,0,1,0,0,0,0,0,1,0,0,0,0,0,0,0,0,0,2,0,0,0,0,0,0,0,0,0,0,0,0,0,0,0,0,0,0,0,0,0,0,0,0,0,0,0,0,0,0,0,0,0,0,0,0,0,0,0,0,0,0,0,0,0,0,0,0,0,0,0,0,0,0,0,0,0,0,0,0,0,0,0,0,1,0,0,0,0,0,0,0,0,0,0,0,0,0,0,0,0,1,0,0,2,0,0,0,0,1,0,0,1,0,0,0,0,0,0,0,0,0,0,2,0,0,0,0,0,0,0,0,0,0,0,0,0,0,0,0,0,3,0,0,0,0,0,0,0,0,0,0,0,0,0,0,0,0,0,0,0,0,0,0,0,0,0,0,7,0,1,0,0,0,0,0,0,0,0,0,0,0,0,0,0,0,0,0,0,0,0,0,1,0,0,0,0,0,0,0,0,0,0,3,1,0,16,0,0,0,0,0,4,0,0,0,0,0,0,0,0,0,0,0,0,0,0,0,1,0,0,0,0,0,0,0,0,0,0,0,0,0,0,0,0,0,0,0,0,0,0,0,0,0,0,0,0,0,1,0,0,0,0,0,0,0,0,0,0,0,0,0,0,0,0,0,0,0,0,0,0,0,0,0,0,0,0,0,0,0,0,0,0,0,0,0,0,0,0,0,0,0,1,0,0,0,0,0,0,0,0,0,0,0,0,0,0,0,0,0,0,0,0,0,0,0,0,0,0,1,0,0,0,0,0,0,0,0,0,0,0,0,0,0,0,0,0,0,0,0,0,0,0,0,0,0,0,0,0,0,0,0,0,0,0,1,0,0,0,0,0,0,0,0,0,0,0,0,0,0,0,0,0,2,0,0,0,0,5,0,0,0,0,0,0,0,0,0,0,0,0,0,0,0,0,0,0,0,0,0,0,0,0,0,0,0,0,0,0,0,0,0,0,0,2,0,0,0,0,0,0,0,0,0,0,0,0,0,0,0,0,0,0,0,0,0,1,0,0,0,0,0,0,0,0,0,0,0,0,0,0,0,0,0,0,0,0,0,0,0,0,0,0,0,0,0,0,0,0,0,0,0,0,0,0,0,0,0,20,0,0,0,0,0,0,0,0,0,0,0,0,0,0,0,0,0,0,0,0,0,0,0,0,0,0,0,0,0,0,0,0,0,0,0,0,0,0,0,0,0,1,0,0,0,0,0,0,0,0,0,0,0,0,0,0,0,0,0,0,0,0,0,0,0,0,0,0,0,0,0,0,0,0,0,0,0,0,0,0,1,0,0,0,0,0,0,0,0,0,0,0,0,0,0,0,0,0,0,0,0,0,0,3,0,0,0,0,0,0,0,0,0,0,0,0,0,0,0,0,0,0,0,0,0,4,0,0,0,0,0,0,0,0,0,0,0,0,0,0,0,0,0,0,0,0,0,0,0,0,0,0,0,0,0,0,0,0,0,0,0,0,0,0,0,0,0,0,0,0,0,0,0,0,0,0,0,0,0,0,0,0,0,0,0,1,0,0,1,0,0,0,0,0,0,0,0,0,0,0,0,0,0,0,0,0,0,0,0,0,0,0,0,0,0,0,0,0,0,0,0,0,0,0,0,0,0,0,0,0,0,0,0,0,0,0,0,0,0,0,0,0,0,0,0,0,0,0,0,0,0,0,0,0,0,0,0,0,0,0,0,0,0,0,0,0,0,1,0,0,0,0,0,0,0,0,1,0,0,0,0,0,0,0,0,0,0,0,0,0,0,0,0,0,0,0,0,0,0,0,0,0,0,0,5,0,1,0,0,0,0,0,0,0,0,0,0,0,0,0,0,0,0,0,0,0,0,0,0,0,0,0,0,0,0,0,0,0,0,0,0,0,0,1,1,0,0,0,77,0,1,0,0,0,0,0,0,0,0,0,0,2,0,0,0,0,0,1,0,0,0,0,0,0,0,0,0,0,0,0,0,0,0,0,0,0,0,0,0,0,0,0,0,0,0,0,0,0,0,0,0,0,0,1,0,0,4,0,4,0,0,0,0,0,0,0,0,0,0,0,0,0,0,0,0,0,0,0,0,0,0,0,0,0,0,0,0,0,0,0,0,0,0,0,0,0,0,0,0,0,0,0,0,0,0,0,0,0,0,0,0,0,0,0,0,0,0,0,0,0,0,0,0,0,0,0,0,0,0,0,0,0,0,0,0,0,0,0,0,0,0,0,0,0,0,0,0,0,0,0,0,0,0,0,0,0,0,0,0,0,0,0,0,0,0,0,0,0,0,0,0,0,0,0,0,0,1,0,0,0,0,0,1,0,0,0,0,0,0,0,0,0,0,0,0,0,0,0,1,0,0,0,0,0,0,0,0,0,0,0,0,0,0,0,0,0,0,0,0,0,0,0,0,0,0,1,0,0,0,0,0,0,0,0,0,0,0,0,0,0,0,0,0,0,0,0,0,0,0,0,0,0,0,0,0,0,0,0,0,0,0,0,0,0,0,0,0,0,0,0,0,0,0,0,0,0,0,0,0,22,0,0,0,0,0,0,0,0,0,0,0,0,0,0,0,0,0,0,0,0,4,0,0,0,0,0,0,0,8,0,0,0,0,0,0,0,0,0,0,0,0,0,0,0,0,2,0,0,0,0,0,0,0,0,0,0,0,0,0,0,0,0,0,0,0,0,0,0,0,0,0,0,0,0,0,0,0,0,0,0,0,0,0,0,0,0,0,0,0,0,0,0,0,0,0,6,0,0,0,0,0,0,0,0,0,0,0,2,0,0,0,0,0,0,1,0,0,0,0,0,0,0,0,0,0,0,0,0,0,0,0,0,0,0,0,0,0,0,0,0,0,0,0,0,0,0,0,1,0,0,3,1,0,1,0,1,0,0,0,0,0,0,0,0,1,0,0,0,0,0,1,0,0,0,0,1,1,0,0,0,0,0,0,0,0,0,0,0,0,0,0,0,0,0,0,0,0,0,0,0,0,0,4,0,0,0,0,0,0,0,0,0,0,0,0,0,0,0,0,0,0,0,0,0,0,0,0,0,0,0,0,0,0,0,2,0,0,0,0,0,4,0,0,0,0,0,0,0,0,0,0,0,0,0,1,0,0,0,0,0,0,0,2,0,0,0,0,0,0,0,0,0,0,0,0,0,0,0,0,0,0,0,0,0,0,0,0,0,0,0,0,0,0,0,0,4,0,0,0,0,0,0,0,0,0,0,0,0,0,0,0,0,0,0,0,0,0,0,0,0,0,0,0,0,0,0,0,0,0,0,0,0,0,0,0,0,0,0,0,0,0,0,0,0,0,0,0,0,0,0,0,0,0,0,0,0,0,0,0,0,0,0,0,0,0,0,0,0,0,0,0,0,0,0,0,0,0,0,0,0,0,0,0,0,0,0,0,0,0,0,0,0,0,0,0,0,0,0,0,0,0,0,0,0,0,0,0,0,0,0,0,0,0,0,0,0,0,0,0,0,0,0,0,0,0,0,0,0,0,0,0,0,0,0,0,0,0,0,0,3,0,0,0,0,0,0,0,0,0,0,0,0,0,0,0,0,0,0,0,0,0,0,0,0,0,0,0,0,0,0,0,0,0,0,0,0,0,1,0,0,0,0,1,0,0,1,0,0,0,0,0,0,0,0,0,0,0,0,0,0,0,0,2,0,0,0,0,0,0,0,0,0,0,0,0,0,0,0,0,0,0,0,0,0,0,0,0,0,0,0,0,0,0,0,0,0,0,0,0,0,0,0,0,0,0,0,0,0,0,0,0,0,0,0,0,0,0,1,0,0,0,0,0,0,0,0,0,0,0,0,0,0,0,0,2,0,0,0,0,0,0,0,0,0,0,0,0,0,0,0,0,0,5,0,0,0,0,0,0,0,0,0,0,0,0,0,0,1,0,0,0,0,0,0,0,0,0,0,0,0,0,0,1,5,1,0,2,0,1,1,0,0,0,0,2,0,0,0,28,1,0,0,0,0,0,0,0,0,1,2,0,0,0,0,2,0,0,14,0,1,0,0,0,0,0,0,0,0,1,1,0,2,0,0,2,0,0,0,0,10,0,0,0,0,0,0,0,0,0,3,0,1,0,0,0,0,0,1,0,1,0,0,0,2,4,0,0,1,0,0,0,1,0,1,1,0,0,0,0,0,1,0,0,0,1,0,0,0,0,0,1,0,3,1,1,0,0,0,0,0,0,0,0,7,0,0,0,0,0,0,0,0,0,0,0,0,0,0,0,0,0,0,0,0,0,0,0,0,0,0,0,0,0,0,0,0,0,0,0,0,0,0,0,0,0,0,0,0,0,0,0,0,0,0,0,4,0,0,0,0,0,0,0,0,0,0,0,0,0,0,0,0,0,0,0,0,0,1,0,0,0,0,0,0,0,0,0,0,0,0,0,0,0,0,0,0,0,0,0,0,0,0,0,0,0,0,0,0,0,0,0,0,0,0,0,0,0,0,0,0,0,0,0,0,0,0,0,0,0,0,0,0,0,0,0,0,0,1,0,0,0,0,0,0,0,0,0,0,0,0,6,0,0,0,0,0,0,0,0,0,0,0,0,0,0,0,0,0,0,0,0,0,0,1,0,0,1,1,0,0,0,0,0,0,0,0,0,0,0,0,0,0,0,0,0,0,0,0,0,0,0,2,0,1,0,0,0,0,0,0,0,0,0,0,0,0,0,0,0,0,0,0,0,3,0,0,1,1,0,0,0,0,0,0,0,0,0,0,0,0,0,6,0,0,0,0,0,0,0,0,0,0,0,4,0,0,0,0,0,0,0,0,0,0,0,0,0,0,0,0,0,0,0,1,0,0,4,1,0,0,0,0,0,0,0,0,0,0,0,0,1,0,0,0,0,0,0,3,0,0,0,0,0,0,0,0,0,0,0,0,0,0,0,0,0,0,0,4,0,0,0,0,0,0,0,0,0,0,0,0,0,1,0,0,0,0,0,0,0,0,0,0,0,0,0,0,0,0,0,0,0,0,0,0,0,0,2,0,4,0,0,0,0,0,14,0,0,0,1,0,0,0,0,0,0,0,0,0,0,0,0,0,0,0,0,0,0,0,0,0,0,0,0,0,0,0,0,0,0,0,0,0,0,0,0,0,0,0,0,0,0,2,0,0,0,0,1,0,0,0,0,0,0,0,0,0,0,0,0,0,0,0,0,0,0,0,0,0,0,0,0,0,0,0,0,0,0,0,0,0,0,0,0,0,0,0,0,0,10,0,0,0,0,0,0,0,0,0,0,0,0,0,0,0,0,0,0,0,0,0,0,0,0,0,0,1,0,0,0,0,0,0,0,0,0,0,0,0,0,0,0,0,0,0,0,0,0,0,0,0,0,1,0,0,1,0,3,0,0,0,0,0,1,0,0,0,0,0,0,0,0,0,0,0,0,0,0,0,0,0,0,0,0,0,0,0,0,1,0,0,0,0,0,0,0,0,0,0,7,0,0,0,0,1,0,0,0,0,0,0,0,0,0,0,1,0,0,0,0,0,0,0,0,0,0,1,0,1,0,0,0,0,0,0,0,0,0,0,1,0,0,0,0,0,0,0,0,0,0,0,0,0,0,0,1,0,0,0,0,0,0,0,2,0,0,1,4,0,0,0,0,0,0,0,0,0,0,0,0,0,0,0,0,1,0,0,0,0,0,0,0,0,0,0,0,0,0,0,0,0,0,0,0,0,3,0,0,0,0,0,0,16,0,0,0,1,0,0,0,0,0,0,1,0,0,0,0,0,0,0,0,0,1,0,0,0,0,0,0,0,0,0,0,0,0,0,0,0,0,0,0,2,0,0,0,0,0,0,0,0,0,0,0,0,1,0,0,0,0,0,0,0,0,0,0,0,0,0,0,0,0,0,0,0,1,0,0,0,0,0,0,0,1,0,0,77,0,0,0,0,0,0,0,0,0,0,0,0,0,0,0,0,0,0,0,0,0,0,0,0,0,0,0,0,4,0,0,0,0,0,0,0,0,0,0,0,0,1,0,0,0,0,0,0,0,0,0,0,0,0,0,0,0,0,0,0,0,0,0,0,0,0,0,0,0,0,0,0,0,0,0,0,0,0,0,0,0,0,0,0,0,0,0,0,0,0,0,0,0,0,0,0,0,0,0,0,0,3,0,0,0,0,0,0,0,0,0,0,0,0,1,0,0,0,0,0,0,0,0,0,0,0,0,0,0,0,0,0,0,0,0,0,0,0,0,0,3,0,0,0,0,0,0,0,0,0,0,0,0,0,0,0,0,0,0,0,0,0,0,0,0,0,0,0,0,0,0,0,0,0,0,0,0,0,0,0,0,0,0,0,0,0,0,0,0,0,0,0,2,0,0,0,1,7,0,0,0,0,0,0,0,0,0,0,0,0,0,1,0,0,0,0,0,0,0,0,0,0,0,0,0,0,0,0,0,0,0,0,0,0,0,1,0,0,0,0,0,0,0,0,0,0,0,1,0,0,0,0,0,0,0,0,3,0,0,0,0,0,0,0,0,0,0,0,0,0,0,0,0,0,0,0,0,0,0,0,0,0,0,0,0,0,0,0,0,0,0,0,0,0,0,0,0,0,0,0,0,0,0,0,0,0,0,0,0,0,0,0,0,0,0,5,0,0,0,0,0,0,0,0,0,0,0,0,0,0,0,0,0,0,0,0,2,0,0,0,0,0,0,0,0,0,0,0,0,0,0,0,0,0,0,0,0,0,0,0,0,0,0,0,0,0,0,0,0,0,0,0,0,1,0,0,0,0,0,0,0,4,0,1,0,0,0,0,0,0,0,0,0,0,0,0,0,0,0,0,0,0,0,0,0,0,0,0,0,0,0,0,0,0,0,1,0,0,0,0,0,0,0,0,0,0,0,0,0,0,0,0,0,0,0,0,0,1,0,0,0,0,0,0,0,0,0,0,3,0,0,0,0,1,0,0,0,0,0,0,0,0,0,0,0,0,0,0,0,0,0,0,0,0,0,0,0,0,0,0,0,0,0,0,0,0,0,0,0,0,0,0,0,0,0,0,0,0,0,0,0,0,0,0,0,0,0,0,0,0,4,0,0,0,0,0,0,0,0,0,0,0,0,0,0,0,0,0,0,0,0,0,0,0,0,0,0,0,0,0,0,0,0,0,0,0,0,0,0,0,0,0,0,0,0,0,0,0,0,0,0,0,0,0,0,0,0,0,0,0,0,0,0,0,0,2,0,0,0,0,0,0,0,0,0,0,0,0,0,0,0,0,0,0,0,0,0,0,0,0,0,0,0,0,0,0,0,0,0,0,1,0,0,0,0,0,0,0,0,0,0,0,0,0,0,0,0,0,0,0,0,0,0,0,0,0,0,0,0,0,0,0,0,0,0,0,0,0,0,2,0,0,0,0,0,0,0,0,0,0,0,0,0,0,0,0,1,0,0,0,0,1,0,0,0,0,0,0,1,0,0,0,0,0,0,0,0,0,0,0,0,0,0,0,0,0,0,0,0,0,0,0,0,0,0,0,0,0,0,0,0,0,0,0,0,0,0,0,0,3,0,0,0,0,0,0,0,0,0,0,0,0,0,0,0,0,0,0,0,0,0,0,0,0,0,0,0,0,0,0,0,0,0,0,0,0,0,0,0,0,0,0,0,0,0,0,0,0,0,0,0,0,0,0,0,0,0,0,0,0,0,0,0,0,0,0,0,0,0,0,0,0,0,0,0,0,0,0,0,0,0,0,0,0,0,0,0,0,0,0,0,0,0,0,0,0,0,0,0,0,0,0,0,0,0,0,0,0,0,0,0,0,0,0,0,0,0,0,0,0,0,0,0,19,0,0,0,0,0,0,0,0,0,0,0,0,0,0,0,0,0,0,0,0,0,0,0,0,0,0,0,0,0,0,0,0,0,0,0,0,0,0,0,0,0,0,0,0,0,0,0,0,2,0,0,0,0,0,0,0,0,0,0,0,0,0,0,0,0,0,0,0,0,0,0,1,0,0,0,0,0,3,0,0,0,0,0,0,0,0,0,0,0,0,0,0,0,0,0,0,0,0,0,0,0,0,0,0,0,0,0,0,0,0,0,0,0,0,0,0,0,0,0,0,0,0,0,0,0,0,0,0,0,0,0,2,0,0,0,0,2,0,0,0,0,1,0,0,0,0,0,0,0,0,0,0,0,0,0,0,0,0,0,0,0,0,0,0,0,0,0,0,0,0,0,0,0,0,0,0,0,0,0,0,0,0,0,0,0,0,0,0,0,0,0,0,0,0,0,0,0,0,0,1,0,0,0,0,0,0,0,0,0,0,0,0,1,0,0,0,0,0,0,0,0,0,0,0,0,0,0,0,0,0,0,0,0,0,0,0,0,1,0,0,0,0,0,0,0,0,0,0,0,0,0,0,0,0,0,0,0,0,46,0,0,0,0,0,2,0,0,0,0,0,1,0,0,0,0,0,0,0,0,0,7,1,0,0,0,0,0,0,0,0,0,0,0,0,0,0,0,0,0,0,0,0,0,0,0,0,0,3,0,0,0,0,0,0,0,0,0,0,0,0,0,0,0,0,0,0,0,0,0,0,0,0,0,0,0,0,0,0,0,0,0,0,0,0,0,0,0,0,0,0,0,0,0,0,0,0,0,0,1,0,6,0,0,0,0,0,0,0,0,0,0,0,5,0,0,0,0,0,0,0,0,0,0,0,0,1,0,1,0,0,0,0,0,0,0,0,0,0,0,0,0,0,0,0,0,0,0,0,0,0,0,0,7,0,0,0,0,0,0,5,0,0,0,0,0,0,0,0,0,0,0,0,0,2,0,0,0,0,0,0,0,0,0,0,0,0,0,0,0,0,0,0,0,0,0,0,0,0,0,0,0,0,0,2,0,0,0,0,0,0,0,0,0,0,0,0,0,0,0,0,0,0,0,0,0,0,0,0,0,0,0,0,0,0,0,0,0,9,0,0,0,0,0,0,0,0,0,0,0,0,0,0,0,0,0,0,0,0,0,0,0,0,0,0,0,0,0,0,0,0,0,0,0,0,0,0,0,0,0,0,0,0,0,0,0,0,0,0,0,0,0,0,0,0,0,0,0,0,0,0,0,0,0,0,0,0,0,0,0,0,0,0,0,0,0,0,0,0,0,0,0,0,0,0,0,0,0,0,0,0,0,0,0,0,0,0,0,0,0,0,0,0,0,0,1,0,0,0,0,0,0,0,0,0,0,0,0,0,0,0,1,0,0,0,0,0,0,0,0,0,0,0,0,1,0,0,0,0,0,0,0,0,0,0,0,0,0,0,0,0,0,0,0,0,0,0,0,0,0,0,0,0,0,0,0,0,0,0,0,0,0,0,0,0,2,0,0,0,0,0,0,0,0,0,0,0,0,0,0,0,0,0,0,0,0,0,0,0,0,0,0,0,0,0,0,0,0,0,0,0,0,0,0,0,0,0,0,0,0,0,0,0,0,0,0,0,0,0,0,0,0,0,0,0,0,0,0,0,0,0,0,0,0,0,0,1,0,0,0,0,0,0,0,0,0,0,0,0,0,0,2,0,0,0,0,0,0,0,0,0,0,0,0,0,0,0,0,0,0,0,0,0,0,0,0,0,0,0,0,0,0,0,0,0,0,0,0,0,0,0,0,0,9,0,0,0,0,0,0,0,0,0,0,0,0,0,0,0,0,0,0,0,0,0,0,0,0,0,0,0,0,0,0,0,0,0,0,0,0,0,0,0,0,0,0,0,0,0,0,0,0,0,0,0,0,0,0,0,0,1,0,0,0,0,0,1,0,0,0,0,0,0,0,0,0,0,0,0,0,0,0,0,0,0,0,0,0,0,0,0,0,0,0,0,0,0,0,0,1,0,0,0,0,0,0,0,0,0,0,0,0,0,0,0,0,0,0,0,0,0,0,0,0,0,0,0,0,0,0,0,0,0,0,0,0,0,0,0,0,0,0,0,0,0,0,0,0,0,0,0,0,0,0,0,0,0,0,0,0,0,0,0,0,0,0,0,0,0,0,0,0,0,0,0,0,0,0,0,0,0,0,0,0,0,0,0,0,0,0,0,0,0,3,0,0,0,0,0,0,0,0,0,0,0,0,0,0,0,0,0,0,0,0,0,0,0,0,0,0,0,0,0,0,0,0,0,0,0,0,0,0,0,0,0,0,0,0,0,0,0,0,0,0,0,0,0,0,0,0,0,0,0,0,0,0,1,1,0,0,0,0,0,0,0,0,0,0,0,0,0,0,0,0,2,0,0,0,2,0,0,0,0,0,0,0,0,0,0,0,0,0,0,0,0,0,0,0,0,0,0,0,0,0,0,0,0,0,0,0,0,0,0,0,0,0,0,0,0,0,1,0,0,0,0,0,0,0,0,0,0,0,0,0,0,0,0,0,0,0,0,0,0,0,0,0,0,0,0,0,0,0,0,0,0,0,0,0,0,0,0,0,0,0,0,0,0,0,0,0,0,0,0,0,0,1,0,0,1,0,0,0,0,0,0,0,0,0,0,0,0,0,0,0,0,0,0,0,0,0,0,0,0,0,0,0,0,0,0,0,0,0,0,0,0,0,0,0,0,0,0,0,0,4,0,0,0,0,0,0,0,0,0,0
